627118.2886502885	3928.8162262333212
627843.8010612762	3430.7764297926265
627843.8010612762	3430.7764297926265
toanvd
625333.6064938304	3460.1979834501603
toanvd
623475.3614923573	3637.2378113210602
623475.3614923573	3637.2378113210602
623475.3614923573	3637.2378113210602
623475.3614923573	3637.2378113210602
623475.3614923573	3637.2378113210602
623475.3614923573	3637.2378113210602
toanvd
622303.283534619	3391.5000029500875
622303.283534619	3391.5000029500875
toanvd
627268.8487036685	3560.281382212565
627268.8487036685	3560.281382212565
627268.8487036685	3560.281382212565
627268.8487036685	3560.281382212565
627268.8487036685	3560.281382212565
toanvd
621503.3035403558	3537.003486970046
toanvd
642436.7514618251	3481.4831873012613
toanvd
652911.5916449152	3568.0565313882175
655219.0511360526	3391.1143705796712
652911.5916449152	3568.0565313882175
653073.4533284454	3485.1802576969126
653073.4533284454	3485.1802576969126
653073.4533284454	3485.1802576969126
653073.4533284454	3485.1802576969126
652911.5916449152	3568.0565313882175
652911.5916449152	3568.0565313882175
652911.5916449152	3568.0565313882175
653073.4533284454	3485.1802576969126
653073.4533284454	3485.1802576969126
toanvd
626998.3099765681	3696.251031335103
626998.3099765681	3696.251031335103
626998.3099765681	3696.251031335103
626998.3099765681	3696.251031335103
626998.3099765681	3696.251031335103
626998.3099765681	3696.251031335103
626998.3099765681	3696.251031335103
626998.3099765681	3696.251031335103
toanvd
632138.4576842318	3472.6797217286726
632138.4576842318	3472.6797217286726
632138.4576842318	3472.6797217286726
632138.4576842318	3472.6797217286726
632138.4576842318	3472.6797217286726
632138.4576842318	3472.6797217286726
632138.4576842318	3472.6797217286726
632138.4576842318	3472.6797217286726
632138.4576842318	3472.6797217286726
632138.4576842318	3472.6797217286726
632138.4576842318	3472.6797217286726
632138.4576842318	3472.6797217286726
632138.4576842318	3472.6797217286726
632138.4576842318	3472.6797217286726
632138.4576842318	3472.6797217286726
632138.4576842318	3472.6797217286726
632138.4576842318	3472.6797217286726
632138.4576842318	3472.6797217286726
632138.4576842318	3472.6797217286726
632138.4576842318	3472.6797217286726
632138.4576842318	3472.6797217286726
632138.4576842318	3472.6797217286726
632138.4576842318	3472.6797217286726
632138.4576842318	3472.6797217286726
632138.4576842318	3472.6797217286726
632138.4576842318	3472.6797217286726
632138.4576842318	3472.6797217286726
632138.4576842318	3472.6797217286726
632138.4576842318	3472.6797217286726
632138.4576842318	3472.6797217286726
632138.4576842318	3472.6797217286726
632138.4576842318	3472.6797217286726
632138.4576842318	3472.6797217286726
632138.4576842318	3472.6797217286726
632138.4576842318	3472.6797217286726
632138.4576842318	3472.6797217286726
632138.4576842318	3472.6797217286726
632138.4576842318	3472.6797217286726
632138.4576842318	3472.6797217286726
632138.4576842318	3472.6797217286726
632138.4576842318	3472.6797217286726
632138.4576842318	3472.6797217286726
632138.4576842318	3472.6797217286726
632138.4576842318	3472.6797217286726
632138.4576842318	3472.6797217286726
632138.4576842318	3472.6797217286726
632138.4576842318	3472.6797217286726
632138.4576842318	3472.6797217286726
632138.4576842318	3472.6797217286726
632138.4576842318	3472.6797217286726
632138.4576842318	3472.6797217286726
632138.4576842318	3472.6797217286726
632138.4576842318	3472.6797217286726
632138.4576842318	3472.6797217286726
632138.4576842318	3472.6797217286726
630876.1496259264	3518.712139021428
toanvd
641907.5804806364	3637.1852883220527
toanvd
640627.071995337	3971.9963613385385
640627.071995337	3971.9963613385385
640627.071995337	3971.9963613385385
641155.8107511911	3598.6251879027823
641155.8107511911	3598.6251879027823
641155.8107511911	3598.6251879027823
641155.8107511911	3598.6251879027823
641155.8107511911	3598.6251879027823
641155.8107511911	3598.6251879027823
641155.8107511911	3598.6251879027823
641155.8107511911	3598.6251879027823
641155.8107511911	3598.6251879027823
641155.8107511911	3598.6251879027823
641155.8107511911	3598.6251879027823
641155.8107511911	3598.6251879027823
641155.8107511911	3598.6251879027823
641155.8107511911	3598.6251879027823
641155.8107511911	3598.6251879027823
641155.8107511911	3598.6251879027823
641155.8107511911	3598.6251879027823
641155.8107511911	3598.6251879027823
641155.8107511911	3598.6251879027823
641155.8107511911	3598.6251879027823
641155.8107511911	3598.6251879027823
641155.8107511911	3598.6251879027823
641155.8107511911	3598.6251879027823
641155.8107511911	3598.6251879027823
641155.8107511911	3598.6251879027823
641155.8107511911	3598.6251879027823
641155.8107511911	3598.6251879027823
641155.8107511911	3598.6251879027823
641155.8107511911	3598.6251879027823
641155.8107511911	3598.6251879027823
641155.8107511911	3598.6251879027823
641155.8107511911	3598.6251879027823
641155.8107511911	3598.6251879027823
641155.8107511911	3598.6251879027823
641155.8107511911	3598.6251879027823
641155.8107511911	3598.6251879027823
641155.8107511911	3598.6251879027823
641155.8107511911	3598.6251879027823
641155.8107511911	3598.6251879027823
641155.8107511911	3598.6251879027823
641155.8107511911	3598.6251879027823
641155.8107511911	3598.6251879027823
641155.8107511911	3598.6251879027823
641155.8107511911	3598.6251879027823
641155.8107511911	3598.6251879027823
641155.8107511911	3598.6251879027823
641155.8107511911	3598.6251879027823
641155.8107511911	3598.6251879027823
641155.8107511911	3598.6251879027823
641155.8107511911	3598.6251879027823
641155.8107511911	3598.6251879027823
641155.8107511911	3598.6251879027823
641155.8107511911	3598.6251879027823
641155.8107511911	3598.6251879027823
641155.8107511911	3598.6251879027823
641155.8107511911	3598.6251879027823
641155.8107511911	3598.6251879027823
641155.8107511911	3598.6251879027823
641155.8107511911	3598.6251879027823
641155.8107511911	3598.6251879027823
641155.8107511911	3598.6251879027823
641155.8107511911	3598.6251879027823
641155.8107511911	3598.6251879027823
641155.8107511911	3598.6251879027823
641155.8107511911	3598.6251879027823
641155.8107511911	3598.6251879027823
641155.8107511911	3598.6251879027823
641155.8107511911	3598.6251879027823
641155.8107511911	3598.6251879027823
641155.8107511911	3598.6251879027823
641155.8107511911	3598.6251879027823
641155.8107511911	3598.6251879027823
641155.8107511911	3598.6251879027823
641155.8107511911	3598.6251879027823
641155.8107511911	3598.6251879027823
641155.8107511911	3598.6251879027823
641155.8107511911	3598.6251879027823
641155.8107511911	3598.6251879027823
641155.8107511911	3598.6251879027823
641155.8107511911	3598.6251879027823
641155.8107511911	3598.6251879027823
641155.8107511911	3598.6251879027823
641155.8107511911	3598.6251879027823
641155.8107511911	3598.6251879027823
641155.8107511911	3598.6251879027823
641155.8107511911	3598.6251879027823
641155.8107511911	3598.6251879027823
641155.8107511911	3598.6251879027823
641155.8107511911	3598.6251879027823
641155.8107511911	3598.6251879027823
641155.8107511911	3598.6251879027823
641155.8107511911	3598.6251879027823
641155.8107511911	3598.6251879027823
641155.8107511911	3598.6251879027823
641155.8107511911	3598.6251879027823
641155.8107511911	3598.6251879027823
641155.8107511911	3598.6251879027823
641155.8107511911	3598.6251879027823
641155.8107511911	3598.6251879027823
641155.8107511911	3598.6251879027823
641155.8107511911	3598.6251879027823
641155.8107511911	3598.6251879027823
641155.8107511911	3598.6251879027823
641155.8107511911	3598.6251879027823
641155.8107511911	3598.6251879027823
641155.8107511911	3598.6251879027823
641155.8107511911	3598.6251879027823
641155.8107511911	3598.6251879027823
641155.8107511911	3598.6251879027823
641155.8107511911	3598.6251879027823
641155.8107511911	3598.6251879027823
641155.8107511911	3598.6251879027823
641155.8107511911	3598.6251879027823
641155.8107511911	3598.6251879027823
641155.8107511911	3598.6251879027823
641155.8107511911	3598.6251879027823
641155.8107511911	3598.6251879027823
641155.8107511911	3598.6251879027823
641155.8107511911	3598.6251879027823
641155.8107511911	3598.6251879027823
641155.8107511911	3598.6251879027823
641155.8107511911	3598.6251879027823
641155.8107511911	3598.6251879027823
641155.8107511911	3598.6251879027823
641155.8107511911	3598.6251879027823
641155.8107511911	3598.6251879027823
641155.8107511911	3598.6251879027823
641155.8107511911	3598.6251879027823
641155.8107511911	3598.6251879027823
641155.8107511911	3598.6251879027823
641155.8107511911	3598.6251879027823
641155.8107511911	3598.6251879027823
641155.8107511911	3598.6251879027823
641155.8107511911	3598.6251879027823
641155.8107511911	3598.6251879027823
641155.8107511911	3598.6251879027823
641155.8107511911	3598.6251879027823
641155.8107511911	3598.6251879027823
641155.8107511911	3598.6251879027823
641155.8107511911	3598.6251879027823
641155.8107511911	3598.6251879027823
641155.8107511911	3598.6251879027823
641155.8107511911	3598.6251879027823
641155.8107511911	3598.6251879027823
641155.8107511911	3598.6251879027823
641155.8107511911	3598.6251879027823
641155.8107511911	3598.6251879027823
641155.8107511911	3598.6251879027823
641155.8107511911	3598.6251879027823
641155.8107511911	3598.6251879027823
641155.8107511911	3598.6251879027823
641155.8107511911	3598.6251879027823
641155.8107511911	3598.6251879027823
641155.8107511911	3598.6251879027823
641155.8107511911	3598.6251879027823
641155.8107511911	3598.6251879027823
641155.8107511911	3598.6251879027823
641155.8107511911	3598.6251879027823
641155.8107511911	3598.6251879027823
641155.8107511911	3598.6251879027823
641155.8107511911	3598.6251879027823
641155.8107511911	3598.6251879027823
641155.8107511911	3598.6251879027823
641155.8107511911	3598.6251879027823
641155.8107511911	3598.6251879027823
641155.8107511911	3598.6251879027823
641155.8107511911	3598.6251879027823
641155.8107511911	3598.6251879027823
641155.8107511911	3598.6251879027823
toanvd
642951.6112957249	3478.9543139582
642951.6112957249	3478.9543139582
642951.6112957249	3478.9543139582
642951.6112957249	3478.9543139582
642951.6112957249	3478.9543139582
642951.6112957249	3478.9543139582
642951.6112957249	3478.9543139582
642951.6112957249	3478.9543139582
642951.6112957249	3478.9543139582
toanvd
643753.0410689934	3380.255888306254
643753.0410689934	3380.255888306254
toanvd
621149.7466581177	3910.167775905612
621149.7466581177	3910.167775905612
toanvd
632299.9833259933	3822.3758954559053
638423.8940370046	3711.385607149628
638423.8940370046	3711.385607149628
638423.8940370046	3711.385607149628
638423.8940370046	3711.385607149628
638423.8940370046	3711.385607149628
638423.8940370046	3711.385607149628
toanvd
631556.089169194	3359.7468691365025
628945.015841529	3438.78225165737
631556.089169194	3359.7468691365025
toanvd
627960.5022326725	3581.2873010159565
627960.5022326725	3581.2873010159565
627960.5022326725	3581.2873010159565
627960.5022326725	3581.2873010159565
627960.5022326725	3581.2873010159565
627960.5022326725	3581.2873010159565
627960.5022326725	3581.2873010159565
627960.5022326725	3581.2873010159565
627960.5022326725	3581.2873010159565
627960.5022326725	3581.2873010159565
628259.0617406515	3521.198524047666
627960.5022326725	3581.2873010159565
toanvd
643454.1513559445	3196.431251133842
643454.1513559445	3196.431251133842
643454.1513559445	3196.431251133842
643454.1513559445	3196.431251133842
643454.1513559445	3196.431251133842
toanvd
626567.5028957902	3488.661109102575
625752.1207614179	3524.6226676623824
624830.9891761524	3546.6939151859815
toanvd
636267.3534341699	3491.617259120834
640661.2134144958	3440.8618972958916
640661.2134144958	3440.8618972958916
640661.2134144958	3440.8618972958916
636267.3534341699	3491.617259120834
640661.2134144958	3440.8618972958916
640661.2134144958	3440.8618972958916
640661.2134144958	3440.8618972958916
640661.2134144958	3440.8618972958916
640661.2134144958	3440.8618972958916
640661.2134144958	3440.8618972958916
toanvd
643453.5347659853	3426.37454359752
643453.5347659853	3426.37454359752
643453.5347659853	3426.37454359752
toanvd
636088.4573616171	3574.585536954144
636088.4573616171	3574.585536954144
636088.4573616171	3574.585536954144
636088.4573616171	3574.585536954144
636088.4573616171	3574.585536954144
636088.4573616171	3574.585536954144
636088.4573616171	3574.585536954144
636088.4573616171	3574.585536954144
636088.4573616171	3574.585536954144
636088.4573616171	3574.585536954144
636088.4573616171	3574.585536954144
636088.4573616171	3574.585536954144
636088.4573616171	3574.585536954144
636088.4573616171	3574.585536954144
636088.4573616171	3574.585536954144
636088.4573616171	3574.585536954144
636088.4573616171	3574.585536954144
636088.4573616171	3574.585536954144
toanvd
621476.6749721578	3611.405604639158
621476.6749721578	3611.405604639158
621476.6749721578	3611.405604639158
621476.6749721578	3611.405604639158
621476.6749721578	3611.405604639158
621476.6749721578	3611.405604639158
621476.6749721578	3611.405604639158
621476.6749721578	3611.405604639158
621476.6749721578	3611.405604639158
621476.6749721578	3611.405604639158
621476.6749721578	3611.405604639158
621476.6749721578	3611.405604639158
621476.6749721578	3611.405604639158
621476.6749721578	3611.405604639158
621476.6749721578	3611.405604639158
610643.2997963757	3764.9241281983254
610643.2997963757	3764.9241281983254
610643.2997963757	3764.9241281983254
610643.2997963757	3764.9241281983254
610643.2997963757	3764.9241281983254
toanvd
631397.7452730413	3379.948166303007
631397.7452730413	3379.948166303007
631397.7452730413	3379.948166303007
toanvd
638140.8545448086	3508.98311932331
638140.8545448086	3508.98311932331
toanvd
639163.3491575855	3471.946203506973
639720.0365235856	3357.80928678551
639720.0365235856	3357.80928678551
639720.0365235856	3357.80928678551
639720.0365235856	3357.80928678551
639720.0365235856	3357.80928678551
639720.0365235856	3357.80928678551
639720.0365235856	3357.80928678551
639720.0365235856	3357.80928678551
639720.0365235856	3357.80928678551
639720.0365235856	3357.80928678551
toanvd
633676.2596325496	3465.5873908472718
toanvd
627845.0252448319	3668.4500974129596
toanvd
641496.6542355651	3497.099548221221
641496.6542355651	3497.099548221221
641496.6542355651	3497.099548221221
641496.6542355651	3497.099548221221
641496.6542355651	3497.099548221221
641608.055246983	3494.231024307919
641608.055246983	3494.231024307919
641608.055246983	3494.231024307919
toanvd
635590.0939165863	3545.804647153499
635590.0939165863	3545.804647153499
toanvd
613512.5300234273	3700.636912098273
614512.7355858847	3697.915835622884
toanvd
628684.8239015455	3403.627303418593
toanvd
648132.2167196653	3646.2441084071934
toanvd
632552.3130959667	3475.2337357068586
632552.3130959667	3475.2337357068586
632552.3130959667	3475.2337357068586
toanvd
609948.7487398023	3494.207285617888
597105.2317275227	3547.7178425963193
toanvd
625411.0635409219	3523.1135028409517
toanvd
644238.0598148957	3350.096629020724
toanvd
608424.0367856936	3989.114059061534
608424.0367856936	3989.114059061534
608424.0367856936	3989.114059061534
608424.0367856936	3989.114059061534
608424.0367856936	3989.114059061534
608424.0367856936	3989.114059061534
608424.0367856936	3989.114059061534
608424.0367856936	3989.114059061534
608424.0367856936	3989.114059061534
608424.0367856936	3989.114059061534
608424.0367856936	3989.114059061534
608424.0367856936	3989.114059061534
608424.0367856936	3989.114059061534
608424.0367856936	3989.114059061534
608424.0367856936	3989.114059061534
608424.0367856936	3989.114059061534
608424.0367856936	3989.114059061534
608424.0367856936	3989.114059061534
608424.0367856936	3989.114059061534
608424.0367856936	3989.114059061534
608424.0367856936	3989.114059061534
608424.0367856936	3989.114059061534
608424.0367856936	3989.114059061534
608424.0367856936	3989.114059061534
608424.0367856936	3989.114059061534
608424.0367856936	3989.114059061534
608424.0367856936	3989.114059061534
608424.0367856936	3989.114059061534
608424.0367856936	3989.114059061534
608424.0367856936	3989.114059061534
608424.0367856936	3989.114059061534
608424.0367856936	3989.114059061534
608424.0367856936	3989.114059061534
608424.0367856936	3989.114059061534
608424.0367856936	3989.114059061534
608424.0367856936	3989.114059061534
608424.0367856936	3989.114059061534
608424.0367856936	3989.114059061534
608424.0367856936	3989.114059061534
608424.0367856936	3989.114059061534
608424.0367856936	3989.114059061534
608424.0367856936	3989.114059061534
608424.0367856936	3989.114059061534
608424.0367856936	3989.114059061534
608424.0367856936	3989.114059061534
608424.0367856936	3989.114059061534
608424.0367856936	3989.114059061534
608424.0367856936	3989.114059061534
608424.0367856936	3989.114059061534
608424.0367856936	3989.114059061534
608424.0367856936	3989.114059061534
608424.0367856936	3989.114059061534
608424.0367856936	3989.114059061534
608424.0367856936	3989.114059061534
608424.0367856936	3989.114059061534
608424.0367856936	3989.114059061534
608424.0367856936	3989.114059061534
608424.0367856936	3989.114059061534
608424.0367856936	3989.114059061534
608424.0367856936	3989.114059061534
608424.0367856936	3989.114059061534
608424.0367856936	3989.114059061534
608424.0367856936	3989.114059061534
608424.0367856936	3989.114059061534
608424.0367856936	3989.114059061534
608424.0367856936	3989.114059061534
608424.0367856936	3989.114059061534
608424.0367856936	3989.114059061534
608424.0367856936	3989.114059061534
608424.0367856936	3989.114059061534
608424.0367856936	3989.114059061534
608424.0367856936	3989.114059061534
608424.0367856936	3989.114059061534
608424.0367856936	3989.114059061534
608424.0367856936	3989.114059061534
608424.0367856936	3989.114059061534
608424.0367856936	3989.114059061534
608424.0367856936	3989.114059061534
608424.0367856936	3989.114059061534
608424.0367856936	3989.114059061534
608424.0367856936	3989.114059061534
608424.0367856936	3989.114059061534
608424.0367856936	3989.114059061534
608424.0367856936	3989.114059061534
608424.0367856936	3989.114059061534
608424.0367856936	3989.114059061534
608424.0367856936	3989.114059061534
608424.0367856936	3989.114059061534
608424.0367856936	3989.114059061534
608424.0367856936	3989.114059061534
608424.0367856936	3989.114059061534
608424.0367856936	3989.114059061534
608424.0367856936	3989.114059061534
608424.0367856936	3989.114059061534
608424.0367856936	3989.114059061534
608424.0367856936	3989.114059061534
608424.0367856936	3989.114059061534
608424.0367856936	3989.114059061534
608424.0367856936	3989.114059061534
608424.0367856936	3989.114059061534
608424.0367856936	3989.114059061534
608424.0367856936	3989.114059061534
608424.0367856936	3989.114059061534
608424.0367856936	3989.114059061534
608424.0367856936	3989.114059061534
608424.0367856936	3989.114059061534
608424.0367856936	3989.114059061534
608424.0367856936	3989.114059061534
608424.0367856936	3989.114059061534
608424.0367856936	3989.114059061534
608424.0367856936	3989.114059061534
608424.0367856936	3989.114059061534
608424.0367856936	3989.114059061534
608424.0367856936	3989.114059061534
608424.0367856936	3989.114059061534
608424.0367856936	3989.114059061534
608424.0367856936	3989.114059061534
608424.0367856936	3989.114059061534
608424.0367856936	3989.114059061534
608424.0367856936	3989.114059061534
608424.0367856936	3989.114059061534
608424.0367856936	3989.114059061534
608424.0367856936	3989.114059061534
608424.0367856936	3989.114059061534
608424.0367856936	3989.114059061534
608424.0367856936	3989.114059061534
608424.0367856936	3989.114059061534
toanvd
637003.7342090405	3406.202203487171
toanvd
626650.622954746	3786.5212402528764
649098.1332587982	3769.488304902191
toanvd
635420.8879177421	3524.6226676623824
633080.8350582104	3545.804585095426
toanvd
645641.5260987398	3745.9970209411276
645013.7213531872	3829.5100014381337
645013.7213531872	3829.5100014381337
645846.5405541663	3662.287334901263
645846.5405541663	3662.287334901263
645846.5405541663	3662.287334901263
645846.5405541663	3662.287334901263
645846.5405541663	3662.287334901263
645846.5405541663	3662.287334901263
645846.5405541663	3662.287334901263
645846.5405541663	3662.287334901263
toanvd
629042.4520466961	3427.8628638415466
629042.4520466961	3427.8628638415466
629042.4520466961	3427.8628638415466
629042.4520466961	3427.8628638415466
628236.4209920549	3431.4814850528214
628236.4209920549	3431.4814850528214
628236.4209920549	3431.4814850528214
628236.4209920549	3431.4814850528214
628236.4209920549	3431.4814850528214
628236.4209920549	3431.4814850528214
628236.4209920549	3431.4814850528214
toanvd
646146.4370389336	3560.629830080851
646146.4370389336	3560.629830080851
646146.4370389336	3560.629830080851
646146.4370389336	3560.629830080851
646146.4370389336	3560.629830080851
646146.4370389336	3560.629830080851
toanvd
667228.4319137123	3567.880631257883
664354.5905680179	3761.6189354004364
664354.5905680179	3761.6189354004364
664354.5905680179	3761.6189354004364
664354.5905680179	3761.6189354004364
664354.5905680179	3761.6189354004364
664354.5905680179	3761.6189354004364
664354.5905680179	3761.6189354004364
664354.5905680179	3761.6189354004364
toanvd
632653.706419058	3563.7872726202468
toanvd
630803.0678873948	3651.8557454741267
630803.0678873948	3651.8557454741267
630803.0678873948	3651.8557454741267
630803.0678873948	3651.8557454741267
630803.0678873948	3651.8557454741267
628366.9879502365	3828.63261942429
628366.9879502365	3828.63261942429
628366.9879502365	3828.63261942429
628366.9879502365	3828.63261942429
628366.9879502365	3828.63261942429
toanvd
654090.923344686	3529.1264790709274
653948.830142284	3565.142296079411
653948.830142284	3565.142296079411
653948.830142284	3565.142296079411
653948.830142284	3565.142296079411
653948.830142284	3565.142296079411
653948.830142284	3565.142296079411
653948.830142284	3565.142296079411
653948.830142284	3565.142296079411
653948.830142284	3565.142296079411
653948.830142284	3565.142296079411
653948.830142284	3565.142296079411
653948.830142284	3565.142296079411
653948.830142284	3565.142296079411
toanvd
625561.0869783346	3359.253051993014
toanvd
628647.7668033389	3683.7528502522873
628647.7668033389	3683.7528502522873
628647.7668033389	3683.7528502522873
toanvd
641261.8188442582	3382.5071202612144
641261.8188442582	3382.5071202612144
641261.8188442582	3382.5071202612144
641261.8188442582	3382.5071202612144
641261.8188442582	3382.5071202612144
641261.8188442582	3382.5071202612144
641261.8188442582	3382.5071202612144
641261.8188442582	3382.5071202612144
641261.8188442582	3382.5071202612144
641261.8188442582	3382.5071202612144
641261.8188442582	3382.5071202612144
641261.8188442582	3382.5071202612144
641261.8188442582	3382.5071202612144
641261.8188442582	3382.5071202612144
641261.8188442582	3382.5071202612144
641261.8188442582	3382.5071202612144
641261.8188442582	3382.5071202612144
641261.8188442582	3382.5071202612144
641261.8188442582	3382.5071202612144
641261.8188442582	3382.5071202612144
641261.8188442582	3382.5071202612144
641261.8188442582	3382.5071202612144
641261.8188442582	3382.5071202612144
641261.8188442582	3382.5071202612144
641261.8188442582	3382.5071202612144
641261.8188442582	3382.5071202612144
641261.8188442582	3382.5071202612144
641261.8188442582	3382.5071202612144
641261.8188442582	3382.5071202612144
641261.8188442582	3382.5071202612144
641261.8188442582	3382.5071202612144
639180.9164738815	3581.2873010159565
639180.9164738815	3581.2873010159565
639180.9164738815	3581.2873010159565
639180.9164738815	3581.2873010159565
639180.9164738815	3581.2873010159565
639180.9164738815	3581.2873010159565
639180.9164738815	3581.2873010159565
639180.9164738815	3581.2873010159565
639180.9164738815	3581.2873010159565
639180.9164738815	3581.2873010159565
639180.9164738815	3581.2873010159565
639180.9164738815	3581.2873010159565
639180.9164738815	3581.2873010159565
639180.9164738815	3581.2873010159565
639180.9164738815	3581.2873010159565
639180.9164738815	3581.2873010159565
639180.9164738815	3581.2873010159565
639180.9164738815	3581.2873010159565
639180.9164738815	3581.2873010159565
639180.9164738815	3581.2873010159565
639180.9164738815	3581.2873010159565
639180.9164738815	3581.2873010159565
639180.9164738815	3581.2873010159565
639180.9164738815	3581.2873010159565
639180.9164738815	3581.2873010159565
639180.9164738815	3581.2873010159565
639180.9164738815	3581.2873010159565
639180.9164738815	3581.2873010159565
639180.9164738815	3581.2873010159565
639180.9164738815	3581.2873010159565
639180.9164738815	3581.2873010159565
639180.9164738815	3581.2873010159565
639180.9164738815	3581.2873010159565
639180.9164738815	3581.2873010159565
639180.9164738815	3581.2873010159565
639180.9164738815	3581.2873010159565
639180.9164738815	3581.2873010159565
639180.9164738815	3581.2873010159565
639180.9164738815	3581.2873010159565
639180.9164738815	3581.2873010159565
639180.9164738815	3581.2873010159565
639180.9164738815	3581.2873010159565
639180.9164738815	3581.2873010159565
639180.9164738815	3581.2873010159565
639180.9164738815	3581.2873010159565
639180.9164738815	3581.2873010159565
639180.9164738815	3581.2873010159565
639180.9164738815	3581.2873010159565
639180.9164738815	3581.2873010159565
639180.9164738815	3581.2873010159565
639180.9164738815	3581.2873010159565
639180.9164738815	3581.2873010159565
639180.9164738815	3581.2873010159565
639180.9164738815	3581.2873010159565
639180.9164738815	3581.2873010159565
639180.9164738815	3581.2873010159565
639180.9164738815	3581.2873010159565
639180.9164738815	3581.2873010159565
639180.9164738815	3581.2873010159565
639180.9164738815	3581.2873010159565
639180.9164738815	3581.2873010159565
639180.9164738815	3581.2873010159565
639180.9164738815	3581.2873010159565
639180.9164738815	3581.2873010159565
639180.9164738815	3581.2873010159565
639180.9164738815	3581.2873010159565
641261.8188442582	3382.5071202612144
toanvd
638812.0500026788	3469.8367377630093
638812.0500026788	3469.8367377630093
638812.0500026788	3469.8367377630093
638812.0500026788	3469.8367377630093
638812.0500026788	3469.8367377630093
638812.0500026788	3469.8367377630093
638812.0500026788	3469.8367377630093
638812.0500026788	3469.8367377630093
638812.0500026788	3469.8367377630093
638812.0500026788	3469.8367377630093
638812.0500026788	3469.8367377630093
638812.0500026788	3469.8367377630093
638812.0500026788	3469.8367377630093
toanvd
659757.2069774532	3579.5628125884873
650134.0839015272	3604.182809385998
650134.0839015272	3604.182809385998
650134.0839015272	3604.182809385998
650134.0839015272	3604.182809385998
650134.0839015272	3604.182809385998
650134.0839015272	3604.182809385998
650134.0839015272	3604.182809385998
650134.0839015272	3604.182809385998
650134.0839015272	3604.182809385998
650134.0839015272	3604.182809385998
650134.0839015272	3604.182809385998
650134.0839015272	3604.182809385998
650134.0839015272	3604.182809385998
650134.0839015272	3604.182809385998
650134.0839015272	3604.182809385998
650134.0839015272	3604.182809385998
650134.0839015272	3604.182809385998
650134.0839015272	3604.182809385998
650134.0839015272	3604.182809385998
650134.0839015272	3604.182809385998
650134.0839015272	3604.182809385998
650134.0839015272	3604.182809385998
650134.0839015272	3604.182809385998
650134.0839015272	3604.182809385998
650134.0839015272	3604.182809385998
650134.0839015272	3604.182809385998
650134.0839015272	3604.182809385998
toanvd
650081.3391047621	3497.5595905359914
650577.2986498082	3473.896611925102
646216.4923659349	3849.213381915411
toanvd
630065.6896791861	3324.106244608693
630065.6896791861	3324.106244608693
630065.6896791861	3324.106244608693
630065.6896791861	3324.106244608693
630065.6896791861	3324.106244608693
630065.6896791861	3324.106244608693
630065.6896791861	3324.106244608693
630065.6896791861	3324.106244608693
630065.6896791861	3324.106244608693
630065.6896791861	3324.106244608693
630065.6896791861	3324.106244608693
630065.6896791861	3324.106244608693
630065.6896791861	3324.106244608693
630065.6896791861	3324.106244608693
630065.6896791861	3324.106244608693
630065.6896791861	3324.106244608693
630065.6896791861	3324.106244608693
630065.6896791861	3324.106244608693
630065.6896791861	3324.106244608693
630065.6896791861	3324.106244608693
630065.6896791861	3324.106244608693
630065.6896791861	3324.106244608693
630065.6896791861	3324.106244608693
630065.6896791861	3324.106244608693
630065.6896791861	3324.106244608693
630065.6896791861	3324.106244608693
630065.6896791861	3324.106244608693
630065.6896791861	3324.106244608693
630065.6896791861	3324.106244608693
630065.6896791861	3324.106244608693
630065.6896791861	3324.106244608693
630065.6896791861	3324.106244608693
630065.6896791861	3324.106244608693
630065.6896791861	3324.106244608693
630065.6896791861	3324.106244608693
630065.6896791861	3324.106244608693
630065.6896791861	3324.106244608693
630065.6896791861	3324.106244608693
630065.6896791861	3324.106244608693
630065.6896791861	3324.106244608693
630065.6896791861	3324.106244608693
630065.6896791861	3324.106244608693
630065.6896791861	3324.106244608693
630065.6896791861	3324.106244608693
630065.6896791861	3324.106244608693
630065.6896791861	3324.106244608693
630065.6896791861	3324.106244608693
630065.6896791861	3324.106244608693
630065.6896791861	3324.106244608693
630065.6896791861	3324.106244608693
630065.6896791861	3324.106244608693
630065.6896791861	3324.106244608693
630065.6896791861	3324.106244608693
630065.6896791861	3324.106244608693
630065.6896791861	3324.106244608693
630065.6896791861	3324.106244608693
630065.6896791861	3324.106244608693
630065.6896791861	3324.106244608693
630065.6896791861	3324.106244608693
630065.6896791861	3324.106244608693
630065.6896791861	3324.106244608693
630065.6896791861	3324.106244608693
630065.6896791861	3324.106244608693
630065.6896791861	3324.106244608693
630065.6896791861	3324.106244608693
630065.6896791861	3324.106244608693
630065.6896791861	3324.106244608693
630065.6896791861	3324.106244608693
630065.6896791861	3324.106244608693
630065.6896791861	3324.106244608693
630065.6896791861	3324.106244608693
630065.6896791861	3324.106244608693
630065.6896791861	3324.106244608693
630065.6896791861	3324.106244608693
630065.6896791861	3324.106244608693
630065.6896791861	3324.106244608693
630065.6896791861	3324.106244608693
630065.6896791861	3324.106244608693
630065.6896791861	3324.106244608693
630065.6896791861	3324.106244608693
630065.6896791861	3324.106244608693
630065.6896791861	3324.106244608693
630065.6896791861	3324.106244608693
630065.6896791861	3324.106244608693
630065.6896791861	3324.106244608693
630065.6896791861	3324.106244608693
630065.6896791861	3324.106244608693
630065.6896791861	3324.106244608693
630065.6896791861	3324.106244608693
630065.6896791861	3324.106244608693
630065.6896791861	3324.106244608693
630065.6896791861	3324.106244608693
630065.6896791861	3324.106244608693
630065.6896791861	3324.106244608693
630065.6896791861	3324.106244608693
630065.6896791861	3324.106244608693
630065.6896791861	3324.106244608693
630065.6896791861	3324.106244608693
630065.6896791861	3324.106244608693
630065.6896791861	3324.106244608693
630065.6896791861	3324.106244608693
630065.6896791861	3324.106244608693
630065.6896791861	3324.106244608693
630065.6896791861	3324.106244608693
toanvd
628905.5664465665	3385.888387204326
628905.5664465665	3385.888387204326
628905.5664465665	3385.888387204326
toanvd
637054.622432906	3803.2609998272696
637054.622432906	3803.2609998272696
637054.622432906	3803.2609998272696
638982.9017092217	3549.246423095029
637054.622432906	3803.2609998272696
637054.622432906	3803.2609998272696
637054.622432906	3803.2609998272696
637054.622432906	3803.2609998272696
637054.622432906	3803.2609998272696
637054.622432906	3803.2609998272696
637054.622432906	3803.2609998272696
637054.622432906	3803.2609998272696
637054.622432906	3803.2609998272696
637054.622432906	3803.2609998272696
637054.622432906	3803.2609998272696
637054.622432906	3803.2609998272696
637054.622432906	3803.2609998272696
637054.622432906	3803.2609998272696
637054.622432906	3803.2609998272696
toanvd
651198.9293837501	3717.6800642557587
651198.9293837501	3717.6800642557587
651198.9293837501	3717.6800642557587
651198.9293837501	3717.6800642557587
651198.9293837501	3717.6800642557587
650203.009460653	3973.3107641669517
650203.009460653	3973.3107641669517
650203.009460653	3973.3107641669517
650203.009460653	3973.3107641669517
650203.009460653	3973.3107641669517
651198.9293837501	3717.6800642557587
650203.009460653	3973.3107641669517
650203.009460653	3973.3107641669517
651198.9293837501	3717.6800642557587
650203.009460653	3973.3107641669517
650203.009460653	3973.3107641669517
650203.009460653	3973.3107641669517
650203.009460653	3973.3107641669517
650203.009460653	3973.3107641669517
650203.009460653	3973.3107641669517
650203.009460653	3973.3107641669517
650203.009460653	3973.3107641669517
650203.009460653	3973.3107641669517
651198.9293837501	3717.6800642557587
650203.009460653	3973.3107641669517
650203.009460653	3973.3107641669517
650203.009460653	3973.3107641669517
650203.009460653	3973.3107641669517
651198.9293837501	3717.6800642557587
650203.009460653	3973.3107641669517
651198.9293837501	3717.6800642557587
650203.009460653	3973.3107641669517
651198.9293837501	3717.6800642557587
650203.009460653	3973.3107641669517
651198.9293837501	3717.6800642557587
651198.9293837501	3717.6800642557587
650203.009460653	3973.3107641669517
650203.009460653	3973.3107641669517
651198.9293837501	3717.6800642557587
651198.9293837501	3717.6800642557587
650203.009460653	3973.3107641669517
651198.9293837501	3717.6800642557587
651198.9293837501	3717.6800642557587
650203.009460653	3973.3107641669517
650203.009460653	3973.3107641669517
651198.9293837501	3717.6800642557587
650203.009460653	3973.3107641669517
650203.009460653	3973.3107641669517
651198.9293837501	3717.6800642557587
650203.009460653	3973.3107641669517
650203.009460653	3973.3107641669517
651198.9293837501	3717.6800642557587
650203.009460653	3973.3107641669517
650203.009460653	3973.3107641669517
650203.009460653	3973.3107641669517
651198.9293837501	3717.6800642557587
651198.9293837501	3717.6800642557587
650203.009460653	3973.3107641669517
650203.009460653	3973.3107641669517
650203.009460653	3973.3107641669517
650203.009460653	3973.3107641669517
651198.9293837501	3717.6800642557587
651198.9293837501	3717.6800642557587
650203.009460653	3973.3107641669517
651198.9293837501	3717.6800642557587
650203.009460653	3973.3107641669517
651198.9293837501	3717.6800642557587
650203.009460653	3973.3107641669517
651198.9293837501	3717.6800642557587
650203.009460653	3973.3107641669517
651198.9293837501	3717.6800642557587
651198.9293837501	3717.6800642557587
651198.9293837501	3717.6800642557587
650203.009460653	3973.3107641669517
650203.009460653	3973.3107641669517
651198.9293837501	3717.6800642557587
650203.009460653	3973.3107641669517
650203.009460653	3973.3107641669517
650203.009460653	3973.3107641669517
651198.9293837501	3717.6800642557587
650203.009460653	3973.3107641669517
650203.009460653	3973.3107641669517
651198.9293837501	3717.6800642557587
650203.009460653	3973.3107641669517
650203.009460653	3973.3107641669517
651198.9293837501	3717.6800642557587
650203.009460653	3973.3107641669517
650203.009460653	3973.3107641669517
650203.009460653	3973.3107641669517
651198.9293837501	3717.6800642557587
651198.9293837501	3717.6800642557587
650203.009460653	3973.3107641669517
651198.9293837501	3717.6800642557587
650203.009460653	3973.3107641669517
650203.009460653	3973.3107641669517
650203.009460653	3973.3107641669517
651198.9293837501	3717.6800642557587
650203.009460653	3973.3107641669517
650203.009460653	3973.3107641669517
651198.9293837501	3717.6800642557587
651198.9293837501	3717.6800642557587
651198.9293837501	3717.6800642557587
650203.009460653	3973.3107641669517
651198.9293837501	3717.6800642557587
650203.009460653	3973.3107641669517
651198.9293837501	3717.6800642557587
651198.9293837501	3717.6800642557587
651198.9293837501	3717.6800642557587
650203.009460653	3973.3107641669517
651198.9293837501	3717.6800642557587
651198.9293837501	3717.6800642557587
650203.009460653	3973.3107641669517
650203.009460653	3973.3107641669517
651198.9293837501	3717.6800642557587
651198.9293837501	3717.6800642557587
650203.009460653	3973.3107641669517
650203.009460653	3973.3107641669517
651198.9293837501	3717.6800642557587
651198.9293837501	3717.6800642557587
650203.009460653	3973.3107641669517
650203.009460653	3973.3107641669517
651198.9293837501	3717.6800642557587
650203.009460653	3973.3107641669517
650203.009460653	3973.3107641669517
650203.009460653	3973.3107641669517
650203.009460653	3973.3107641669517
650203.009460653	3973.3107641669517
651198.9293837501	3717.6800642557587
651198.9293837501	3717.6800642557587
651198.9293837501	3717.6800642557587
651198.9293837501	3717.6800642557587
650203.009460653	3973.3107641669517
650203.009460653	3973.3107641669517
650203.009460653	3973.3107641669517
650203.009460653	3973.3107641669517
651198.9293837501	3717.6800642557587
651198.9293837501	3717.6800642557587
651198.9293837501	3717.6800642557587
650203.009460653	3973.3107641669517
651198.9293837501	3717.6800642557587
651198.9293837501	3717.6800642557587
651198.9293837501	3717.6800642557587
651198.9293837501	3717.6800642557587
650203.009460653	3973.3107641669517
650203.009460653	3973.3107641669517
650203.009460653	3973.3107641669517
650203.009460653	3973.3107641669517
651198.9293837501	3717.6800642557587
651198.9293837501	3717.6800642557587
650203.009460653	3973.3107641669517
650203.009460653	3973.3107641669517
650203.009460653	3973.3107641669517
650203.009460653	3973.3107641669517
650203.009460653	3973.3107641669517
650203.009460653	3973.3107641669517
650203.009460653	3973.3107641669517
650203.009460653	3973.3107641669517
651198.9293837501	3717.6800642557587
650203.009460653	3973.3107641669517
651198.9293837501	3717.6800642557587
651198.9293837501	3717.6800642557587
651198.9293837501	3717.6800642557587
650203.009460653	3973.3107641669517
651198.9293837501	3717.6800642557587
650203.009460653	3973.3107641669517
650203.009460653	3973.3107641669517
650203.009460653	3973.3107641669517
650203.009460653	3973.3107641669517
650203.009460653	3973.3107641669517
650203.009460653	3973.3107641669517
651198.9293837501	3717.6800642557587
650203.009460653	3973.3107641669517
650203.009460653	3973.3107641669517
651198.9293837501	3717.6800642557587
650203.009460653	3973.3107641669517
651198.9293837501	3717.6800642557587
650203.009460653	3973.3107641669517
650203.009460653	3973.3107641669517
650203.009460653	3973.3107641669517
650203.009460653	3973.3107641669517
651198.9293837501	3717.6800642557587
650203.009460653	3973.3107641669517
650203.009460653	3973.3107641669517
651198.9293837501	3717.6800642557587
651198.9293837501	3717.6800642557587
651198.9293837501	3717.6800642557587
650203.009460653	3973.3107641669517
650203.009460653	3973.3107641669517
651198.9293837501	3717.6800642557587
651198.9293837501	3717.6800642557587
650203.009460653	3973.3107641669517
650203.009460653	3973.3107641669517
650203.009460653	3973.3107641669517
650203.009460653	3973.3107641669517
650203.009460653	3973.3107641669517
650203.009460653	3973.3107641669517
650203.009460653	3973.3107641669517
651198.9293837501	3717.6800642557587
651198.9293837501	3717.6800642557587
650203.009460653	3973.3107641669517
toanvd
649254.0781843784	3609.6907503081884
649254.0781843784	3609.6907503081884
649254.0781843784	3609.6907503081884
toanvd
635844.8253016338	3735.6603839381796
635844.8253016338	3735.6603839381796
635844.8253016338	3735.6603839381796
635844.8253016338	3735.6603839381796
635844.8253016338	3735.6603839381796
635844.8253016338	3735.6603839381796
toanvd
630598.0231171534	3837.5854411140667
630598.0231171534	3837.5854411140667
630598.0231171534	3837.5854411140667
591438.6703933883	3912.5538668161958
591438.6703933883	3912.5538668161958
591438.6703933883	3912.5538668161958
591438.6703933883	3912.5538668161958
591438.6703933883	3912.5538668161958
591438.6703933883	3912.5538668161958
591438.6703933883	3912.5538668161958
630598.0231171534	3837.5854411140667
toanvd
640878.2276438137	3428.2138333309917
toanvd
649710.9831607708	3656.3062410434313
649710.9831607708	3656.3062410434313
649710.9831607708	3656.3062410434313
649710.9831607708	3656.3062410434313
649710.9831607708	3656.3062410434313
649710.9831607708	3656.3062410434313
649710.9831607708	3656.3062410434313
649710.9831607708	3656.3062410434313
toanvd
653583.3605278004	3335.3556951812807
653307.2601287336	3479.0125155460687
657255.0023078413	3281.516736642128
toanvd
640133.4151829614	3722.5155009200485
640133.4151829614	3722.5155009200485
640133.4151829614	3722.5155009200485
toanvd
631158.318853881	3661.4557216444236
631158.318853881	3661.4557216444236
631158.318853881	3661.4557216444236
toanvd
639279.3330969244	3458.2061923083506
639279.3330969244	3458.2061923083506
639279.3330969244	3458.2061923083506
639213.1503286986	3462.508759743975
639279.3330969244	3458.2061923083506
639279.3330969244	3458.2061923083506
639279.3330969244	3458.2061923083506
639213.1503286986	3462.508759743975
639279.3330969244	3458.2061923083506
639279.3330969244	3458.2061923083506
639279.3330969244	3458.2061923083506
639279.3330969244	3458.2061923083506
639213.1503286986	3462.508759743975
639213.1503286986	3462.508759743975
639279.3330969244	3458.2061923083506
639279.3330969244	3458.2061923083506
639213.1503286986	3462.508759743975
639279.3330969244	3458.2061923083506
639213.1503286986	3462.508759743975
639213.1503286986	3462.508759743975
639213.1503286986	3462.508759743975
639279.3330969244	3458.2061923083506
toanvd
620652.4632253387	3708.9211118106946
620841.658514267	3651.38524506925
toanvd
632357.9903179602	3584.45645563962
toanvd
637375.2665979824	3328.767424763004
636214.1314375526	3499.9790188049838
636214.1314375526	3499.9790188049838
toanvd
647963.8171199622	3334.966415878494
648156.2356055134	3322.3087057251155
648156.2356055134	3322.3087057251155
647963.8171199622	3334.966415878494
647963.8171199622	3334.966415878494
647963.8171199622	3334.966415878494
647963.8171199622	3334.966415878494
647883.4622849472	3666.785067062011
647963.8171199622	3334.966415878494
toanvd
633589.8023563088	3268.6967455320696
633589.8023563088	3268.6967455320696
toanvd
632578.8301171856	3352.6198112219245
632578.8301171856	3352.6198112219245
toanvd
652805.12498648	3323.37186826295
651217.1144833104	3335.641017093544
toanvd
629862.3935551294	3667.7344492289644
629862.3935551294	3667.7344492289644
629862.3935551294	3667.7344492289644
629862.3935551294	3667.7344492289644
629862.3935551294	3667.7344492289644
629862.3935551294	3667.7344492289644
629862.3935551294	3667.7344492289644
toanvd
630849.0824867607	3602.9303790501826
toanvd
633644.0293278974	3660.9532866303384
633644.0293278974	3660.9532866303384
633644.0293278974	3660.9532866303384
633644.0293278974	3660.9532866303384
633644.0293278974	3660.9532866303384
633644.0293278974	3660.9532866303384
633644.0293278974	3660.9532866303384
633644.0293278974	3660.9532866303384
633644.0293278974	3660.9532866303384
633644.0293278974	3660.9532866303384
633644.0293278974	3660.9532866303384
633644.0293278974	3660.9532866303384
toanvd
670289.9564699461	3740.045410915249
670289.9564699461	3740.045410915249
670289.9564699461	3740.045410915249
670289.9564699461	3740.045410915249
670289.9564699461	3740.045410915249
670289.9564699461	3740.045410915249
670289.9564699461	3740.045410915249
670686.1503112699	3684.561383817523
toanvd
629734.8693924338	3880.9570446659814
629624.2476060753	3894.0844187503208
629624.2476060753	3894.0844187503208
629624.2476060753	3894.0844187503208
629624.2476060753	3894.0844187503208
629624.2476060753	3894.0844187503208
toanvd
663036.2386633595	3769.7463651939215
663036.2386633595	3769.7463651939215
663036.2386633595	3769.7463651939215
663036.2386633595	3769.7463651939215
663036.2386633595	3769.7463651939215
663036.2386633595	3769.7463651939215
665526.7403465863	3762.6633292646575
663036.2386633595	3769.7463651939215
663036.2386633595	3769.7463651939215
663036.2386633595	3769.7463651939215
663036.2386633595	3769.7463651939215
663036.2386633595	3769.7463651939215
663036.2386633595	3769.7463651939215
663036.2386633595	3769.7463651939215
663036.2386633595	3769.7463651939215
663036.2386633595	3769.7463651939215
663036.2386633595	3769.7463651939215
663036.2386633595	3769.7463651939215
663036.2386633595	3769.7463651939215
663036.2386633595	3769.7463651939215
toanvd
641231.5213980192	3564.1729050892714
641231.5213980192	3564.1729050892714
641231.5213980192	3564.1729050892714
641231.5213980192	3564.1729050892714
toanvd
