6141.878416213749	516.974426231025
6141.878416213749	516.974426231025
6141.878416213749	516.974426231025
6141.878416213749	516.974426231025
5938.759222513928	637.4088189480331
4995.094247191719	681.1993883927813
4632.27685021536	685.740443363011
toanvd
5.287955658441191	4.019567676837636
5.287955658441191	4.019567676837636
5.287955658441191	4.019567676837636
5.287955658441191	4.019567676837636
5.287955658441191	4.019567676837636
5.287955658441191	4.019567676837636
5.287955658441191	4.019567676837636
5.287955658441191	4.019567676837636
5.287955658441191	4.019567676837636
5.287955658441191	4.019567676837636
5.287955658441191	4.019567676837636
5.287955658441191	4.019567676837636
5.287955658441191	4.019567676837636
5.287955658441191	4.019567676837636
5.287955658441191	4.019567676837636
5.287955658441191	4.019567676837636
5.287955658441191	4.019567676837636
5.287955658441191	4.019567676837636
5.287955658441191	4.019567676837636
5.287955658441191	4.019567676837636
5.287955658441191	4.019567676837636
5.287955658441191	4.019567676837636
5.287955658441191	4.019567676837636
5.287955658441191	4.019567676837636
5.287955658441191	4.019567676837636
5.287955658441191	4.019567676837636
5.287955658441191	4.019567676837636
5.287955658441191	4.019567676837636
5.287955658441191	4.019567676837636
5.287955658441191	4.019567676837636
5.287955658441191	4.019567676837636
5.287955658441191	4.019567676837636
5.287955658441191	4.019567676837636
5.287955658441191	4.019567676837636
5.287955658441191	4.019567676837636
5.287955658441191	4.019567676837636
5.287955658441191	4.019567676837636
5.287955658441191	4.019567676837636
5.287955658441191	4.019567676837636
5.287955658441191	4.019567676837636
5.287955658441191	4.019567676837636
5.287955658441191	4.019567676837636
5.287955658441191	4.019567676837636
5.287955658441191	4.019567676837636
5.287955658441191	4.019567676837636
5.287955658441191	4.019567676837636
5.287955658441191	4.019567676837636
5.287955658441191	4.019567676837636
5.287955658441191	4.019567676837636
5.287955658441191	4.019567676837636
5.287955658441191	4.019567676837636
5.287955658441191	4.019567676837636
5.287955658441191	4.019567676837636
5.287955658441191	4.019567676837636
5.287955658441191	4.019567676837636
5.287955658441191	4.019567676837636
5.287955658441191	4.019567676837636
5.287955658441191	4.019567676837636
5.287955658441191	4.019567676837636
5.287955658441191	4.019567676837636
5.287955658441191	4.019567676837636
5.287955658441191	4.019567676837636
5.287955658441191	4.019567676837636
5.287955658441191	4.019567676837636
5.287955658441191	4.019567676837636
5.287955658441191	4.019567676837636
5.287955658441191	4.019567676837636
5.287955658441191	4.019567676837636
5.287955658441191	4.019567676837636
5.287955658441191	4.019567676837636
5.287955658441191	4.019567676837636
5.287955658441191	4.019567676837636
5.287955658441191	4.019567676837636
5.287955658441191	4.019567676837636
5.287955658441191	4.019567676837636
5.287955658441191	4.019567676837636
5.287955658441191	4.019567676837636
5.287955658441191	4.019567676837636
5.287955658441191	4.019567676837636
5.287955658441191	4.019567676837636
5.287955658441191	4.019567676837636
5.287955658441191	4.019567676837636
5.287955658441191	4.019567676837636
5.287955658441191	4.019567676837636
5.287955658441191	4.019567676837636
5.287955658441191	4.019567676837636
5.287955658441191	4.019567676837636
5.287955658441191	4.019567676837636
5.287955658441191	4.019567676837636
5.287955658441191	4.019567676837636
5.287955658441191	4.019567676837636
5.287955658441191	4.019567676837636
5.287955658441191	4.019567676837636
5.287955658441191	4.019567676837636
5.287955658441191	4.019567676837636
5.287955658441191	4.019567676837636
5.287955658441191	4.019567676837636
5.287955658441191	4.019567676837636
5.287955658441191	4.019567676837636
5.287955658441191	4.019567676837636
5.287955658441191	4.019567676837636
5.287955658441191	4.019567676837636
5.287955658441191	4.019567676837636
5.287955658441191	4.019567676837636
5.287955658441191	4.019567676837636
5.287955658441191	4.019567676837636
5.287955658441191	4.019567676837636
5.287955658441191	4.019567676837636
5.287955658441191	4.019567676837636
5.287955658441191	4.019567676837636
5.287955658441191	4.019567676837636
5.287955658441191	4.019567676837636
5.287955658441191	4.019567676837636
5.287955658441191	4.019567676837636
5.287955658441191	4.019567676837636
5.287955658441191	4.019567676837636
5.287955658441191	4.019567676837636
5.287955658441191	4.019567676837636
5.287955658441191	4.019567676837636
5.287955658441191	4.019567676837636
5.287955658441191	4.019567676837636
5.287955658441191	4.019567676837636
5.287955658441191	4.019567676837636
5.287955658441191	4.019567676837636
5.287955658441191	4.019567676837636
5.287955658441191	4.019567676837636
5.287955658441191	4.019567676837636
5.287955658441191	4.019567676837636
5.287955658441191	4.019567676837636
5.287955658441191	4.019567676837636
5.287955658441191	4.019567676837636
5.287955658441191	4.019567676837636
5.287955658441191	4.019567676837636
5.287955658441191	4.019567676837636
5.287955658441191	4.019567676837636
5.287955658441191	4.019567676837636
5.287955658441191	4.019567676837636
5.287955658441191	4.019567676837636
5.287955658441191	4.019567676837636
5.287955658441191	4.019567676837636
5.287955658441191	4.019567676837636
5.287955658441191	4.019567676837636
5.287955658441191	4.019567676837636
5.287955658441191	4.019567676837636
5.287955658441191	4.019567676837636
5.287955658441191	4.019567676837636
5.287955658441191	4.019567676837636
5.287955658441191	4.019567676837636
5.287955658441191	4.019567676837636
5.287955658441191	4.019567676837636
5.287955658441191	4.019567676837636
5.287955658441191	4.019567676837636
5.287955658441191	4.019567676837636
5.287955658441191	4.019567676837636
5.287955658441191	4.019567676837636
5.287955658441191	4.019567676837636
5.287955658441191	4.019567676837636
5.287955658441191	4.019567676837636
5.287955658441191	4.019567676837636
5.287955658441191	4.019567676837636
5.287955658441191	4.019567676837636
5.287955658441191	4.019567676837636
5.287955658441191	4.019567676837636
5.287955658441191	4.019567676837636
5.287955658441191	4.019567676837636
5.287955658441191	4.019567676837636
5.287955658441191	4.019567676837636
5.287955658441191	4.019567676837636
5.287955658441191	4.019567676837636
5.287955658441191	4.019567676837636
5.287955658441191	4.019567676837636
5.287955658441191	4.019567676837636
5.287955658441191	4.019567676837636
5.287955658441191	4.019567676837636
5.287955658441191	4.019567676837636
5.287955658441191	4.019567676837636
5.287955658441191	4.019567676837636
5.287955658441191	4.019567676837636
5.287955658441191	4.019567676837636
5.287955658441191	4.019567676837636
5.287955658441191	4.019567676837636
5.287955658441191	4.019567676837636
5.287955658441191	4.019567676837636
5.287955658441191	4.019567676837636
5.287955658441191	4.019567676837636
5.287955658441191	4.019567676837636
5.287955658441191	4.019567676837636
5.287955658441191	4.019567676837636
5.287955658441191	4.019567676837636
5.287955658441191	4.019567676837636
5.287955658441191	4.019567676837636
5.287955658441191	4.019567676837636
5.287955658441191	4.019567676837636
5.287955658441191	4.019567676837636
5.287955658441191	4.019567676837636
5.287955658441191	4.019567676837636
5.287955658441191	4.019567676837636
5.287955658441191	4.019567676837636
5.287955658441191	4.019567676837636
5.287955658441191	4.019567676837636
toanvd
