6374.884139813252	583.5368971101841
6374.884139813252	583.5368971101841
6282.807326502088	601.5613062537475
4741.6847212594375	617.685449190322
toanvd
7789.380155605238	703.1961709207638
7789.380155605238	703.1961709207638
7789.380155605238	703.1961709207638
7789.380155605238	703.1961709207638
5998.190043564133	817.8623162691188
toanvd
6881.544408493269	851.6583998638
6881.544408493269	851.6583998638
6973.982052828285	683.8959072055493
toanvd
4074.0885700283766	672.646524934563
4369.126940561059	668.9666195311157
toanvd
8682.94804649603	798.4448072506491
9184.357373266132	753.4061768500638
6048.965371517473	809.825563704639
9092.085052277132	793.4524290082992
toanvd
7339.87897415008	731.2139735780518
7339.87897415008	731.2139735780518
7339.87897415008	731.2139735780518
7339.87897415008	731.2139735780518
6006.510332127184	988.3840355704064
7153.0752885987495	822.830821075728
7153.0752885987495	822.830821075728
6648.778448178122	896.2617061634754
toanvd
6337.95907060491	455.1989707036229
5782.485344457406	575.6623700841393
5782.485344457406	575.6623700841393
5782.485344457406	575.6623700841393
5782.485344457406	575.6623700841393
5782.485344457406	575.6623700841393
4856.138365258184	686.0061141050392
5566.637153193415	613.848515515025
toanvd
6017.499679884605	560.1671902028164
6017.499679884605	560.1671902028164
6017.499679884605	560.1671902028164
6017.499679884605	560.1671902028164
6017.499679884605	560.1671902028164
6017.499679884605	560.1671902028164
5017.125610394656	793.0290623697382
toanvd
6071.147119747843	729.6954533662487
6071.147119747843	729.6954533662487
6071.147119747843	729.6954533662487
6071.147119747843	729.6954533662487
6071.147119747843	729.6954533662487
6071.147119747843	729.6954533662487
6071.147119747843	729.6954533662487
6071.147119747843	729.6954533662487
6071.147119747843	729.6954533662487
6347.876742975946	586.9718235557438
6071.147119747843	729.6954533662487
toanvd
5790.732328903492	829.3275994994426
9079.49847467321	680.9094746638266
6527.422842891594	817.8623162691188
7200.273684745096	793.4227884044869
7650.53937147445	738.8639928972043
6795.1806024438965	798.3086065024368
toanvd
5966.359236281369	792.4559335656672
6607.143359633552	708.1232915698539
toanvd
5728.186388186432	607.9431086580946
5203.702060904948	639.535582113724
toanvd
5109.453001598955	1059.64396477602
5109.453001598955	1059.64396477602
5109.453001598955	1059.64396477602
5729.084646553453	911.5535083410372
5730.833233716737	663.2002377828455
toanvd
7078.899353441036	534.9316199351853
7078.899353441036	534.9316199351853
6428.69820838621	816.7205077570542
6514.272746166243	793.4524290082992
6514.272746166243	793.4524290082992
5953.477995706118	902.4094948107371
5953.477995706118	902.4094948107371
toanvd
5088.0802919656635	704.1284506309208
7047.905577424366	696.1961828479806
toanvd
5934.046878666015	854.8497112780664
5934.046878666015	854.8497112780664
5934.046878666015	854.8497112780664
6907.117627710621	565.1227519771969
6307.7513490983765	817.8623162691188
6348.547517315621	655.1548418444353
toanvd
5821.048634487569	888.2068014880882
5821.048634487569	888.2068014880882
5821.048634487569	888.2068014880882
5821.048634487569	888.2068014880882
6134.118518234634	631.7736429358441
toanvd
6540.472670344948	658.2549186808847
5817.809908072687	680.4601768750919
toanvd
7546.046007908503	692.6973720434504
7546.046007908503	692.6973720434504
7546.046007908503	692.6973720434504
7546.046007908503	692.6973720434504
6071.337354853746	828.3723583993294
7239.635245463152	752.2000997257479
6412.898999429113	753.5305896495481
toanvd
4252.007712026407	594.4051520588581
toanvd
5830.953677469079	826.5124072139538
5830.953677469079	826.5124072139538
5830.953677469079	826.5124072139538
5830.953677469079	826.5124072139538
5830.953677469079	826.5124072139538
5830.953677469079	826.5124072139538
15275.511144240181	768.5450506844446
7410.187403556694	804.0014193605175
toanvd
6598.019767543152	662.1422446196002
5317.174251306526	719.2366345930229
toanvd
6864.119802337408	718.3212964769777
6864.119802337408	718.3212964769777
7667.669173534114	699.4370170397838
7667.669173534114	699.4370170397838
6011.13289298908	738.8639928972043
4447.219779554322	772.6461715822234
toanvd
8304.495385985354	676.1811183960068
6991.994444410945	777.8508423965895
7067.58102969388	682.5964499016127
6292.600999433613	793.4227884044869
toanvd
5876.176968885143	646.5586838163745
toanvd
8158.2807748671885	716.6389780436431
7284.799327156932	801.3794992108826
8820.087818201506	686.0061141050392
toanvd
6452.067080860935	493.84280817162596
6452.067080860935	493.84280817162596
5853.481285883286	639.5327863366783
toanvd
6505.350131960937	617.7012805139735
6505.350131960937	617.7012805139735
6505.350131960937	617.7012805139735
6063.031852173959	886.0281067716176
6396.055283838052	731.4162772375904
6505.350131960937	617.7012805139735
toanvd
6716.390363948396	753.5305896495481
6446.045577818221	783.1379095209911
7216.022604197802	654.2415783408438
7216.022604197802	654.2415783408438
6402.35309410358	900.0845908787609
5494.028778806048	937.2722035900817
6912.740864494653	677.8474145660286
toanvd
6407.636044613776	618.4743824560519
6407.636044613776	618.4743824560519
6407.636044613776	618.4743824560519
6088.168761672005	782.0865339614625
6126.353282345139	694.7339851046883
toanvd
7245.820403261495	708.8583530541124
7040.852899592203	709.5162934394496
5746.843704019964	733.6612788698955
6532.747591247099	714.2565669747396
toanvd
6516.7104989328245	792.4559335656672
6606.036913678509	686.0061141050392
7323.434405860319	666.432599239865
6516.7104989328245	792.4559335656672
6516.7104989328245	792.4559335656672
toanvd
6272.653985712413	766.5074876883709
5710.808250006362	829.2788925445279
6717.2685681236735	706.1961483893834
toanvd
5572.985625544352	731.8803852027427
toanvd
5811.594302627904	798.3086065024368
7556.957439766423	731.2139735780518
5748.785922045385	887.4054619000254
toanvd
7390.135351739176	705.2469093223534
6180.12644321573	721.2561182901565
toanvd
5985.437066124998	606.0387765913962
5985.437066124998	606.0387765913962
5985.437066124998	606.0387765913962
5985.437066124998	606.0387765913962
5612.816507845306	614.3164048915518
toanvd
6734.846737792698	610.7397369615362
6734.846737792698	610.7397369615362
6734.846737792698	610.7397369615362
6417.533869663648	693.5894283995639
5615.63833190074	706.0264073250689
toanvd
5685.832126931226	596.5918341581495
toanvd
7402.891954225519	809.8569236921403
7918.988255654357	798.3086065024368
8859.074829956067	693.5894283995639
8525.968379427346	738.8664606957417
9724.726775398052	678.3213576437258
6897.612001606299	839.8370637369518
toanvd
5693.613620686009	652.90809082832
6785.81395932447	610.2575444171961
toanvd
5982.853461610559	647.7979650299935
6978.890559504868	583.5368971101841
6004.486638140227	609.5566235068138
6978.890559504868	583.5368971101841
toanvd
5999.684793433527	866.2584851808973
6525.227337189072	677.8864211650798
6188.207088010998	793.4227884044869
toanvd
6333.983482590515	783.2400614468797
6333.983482590515	783.2400614468797
6333.983482590515	783.2400614468797
5936.53618364526	821.6788399404909
7222.848941268658	688.313572763411
6077.340999800584	817.7868400288575
toanvd
4524.558864147332	629.1762274164576
4320.511076818642	707.0855676649044
toanvd
5837.013684868713	639.535582113724
5710.764329317069	758.3099652979666
toanvd
6708.906174541205	584.8558891591067
6708.906174541205	584.8558891591067
5892.453395470132	630.4853126615195
5142.096949160904	838.7592474651271
toanvd
5500.014648164426	675.7396227298052
5027.874835577053	790.3017193190071
5876.641224476134	594.4051520588581
5438.306748444234	685.740443363011
toanvd
5348.21365958137	592.3161215476379
5117.968366353542	657.5033568824956
5117.968366353542	657.5033568824956
5287.626755856333	621.1609345008095
4935.245041439164	693.9487597992111
6496.115133776164	561.7393235684624
toanvd
6310.431092947547	665.6290938747529
6356.567955827552	542.0033783687386
6310.431092947547	665.6290938747529
6310.431092947547	665.6290938747529
5794.878590161665	873.6704010302535
5752.292957774017	874.6431716936341
toanvd
4739.388663875609	559.2794644412319
5245.686100624164	524.0949398836399
toanvd
5950.3637246376475	552.4699162613848
5950.3637246376475	552.4699162613848
5950.3637246376475	552.4699162613848
5950.3637246376475	552.4699162613848
5950.3637246376475	552.4699162613848
4474.70949632808	666.432599239865
4510.273631645206	557.0996623290117
toanvd
5154.68335667227	826.5124072139538
5055.779170413806	830.2596207937747
5570.0496574614535	725.035483058679
5694.273856232981	616.6108309951167
5459.764438262149	824.6401450233535
toanvd
6006.111655600048	617.7012805139735
5647.274327245625	761.7185782435802
4774.47681455891	798.3086065024368
5448.5109433462185	793.4524290082992
5771.052502080234	719.2366345930229
toanvd
4694.742750569601	573.0096307441804
toanvd
7430.077853719833	576.9036631832087
4917.256774833541	617.7012805139735
5061.179405752419	594.4051520588581
5417.086960664249	586.8045225970054
toanvd
5701.509827526599	497.1105921109552
5488.053812208377	719.2366345930229
4716.526294632022	793.4227884044869
toanvd
5810.806049391156	514.5263501378834
5111.907868524132	610.7397369615362
4957.24713588984	793.4227884044869
toanvd
