0_overlap.out
(494436.5150276776, 4505.039689240786, 498285.36615479924, 5941.3018391366)
25_overlap.out
(417624.70258055977, 4300.898407361674, 404067.7190950581, 5412.428287036384)
50_overlap.out
(285313.7263891419, 3573.733610667617, 278493.9058038325, 5467.116163132003)
75_overlap.out
(116278.68670237185, 2044.1165413475449, 104755.24045208856, 4890.024844398686)
100_overlap.out
(74535.40143778475, 1325.3437241700371, 67697.79008331384, 2815.048475024418)
clusterkq_nsga_1cumout.txt
(184355.01447080408, 2755.5969189159346, 189797.235548938, 2686.108531169406)
clusterkq_nsga_ii_2cumout.txt
(153934.41845707202, 2359.642029565748, 152471.87756179966, 2542.5543136336028)
clusterkq_nsga_ii_3out.txt
(144702.06237069433, 2546.636993143028, 144436.0252742509, 3160.024714003386)
clusterkq_nsga_ii_4cumout.txt
(97690.15517310254, 1419.2639723255145, 99626.01229243986, 2072.2399484784432)
clusterkq_nsga_ii_5cumout.txt
(104251.47604089434, 1797.742360264038, 111128.54515908984, 2965.7671150487813)
200_30_nsga.out
(217438.7314320395, 2859.227818737461, 225312.0418624525, 3648.460725142748)
nsga_200_40.out
(213109.72229301863, 2817.339334937688, 215392.41522355872, 3540.308992851965)
200_50_nsga.out
(205887.068565347, 2806.696454472453, 194261.1328083301, 3244.3908061552147)
nsga_200_60.out
(173693.36622566148, 2770.1172099437304, 176245.56867519594, 3019.674124835191)
nsga_200_70.out
(161825.95929086933, 2838.711802761534, 161768.31774088132, 2887.3342756745933)
thaydoisensor50_nsgaii.out
(51237.601091177494, 2148.8417610386614, 54813.608731325236, 3058.421462246793)
thaydoisensor100_nsgaii.out
(86106.31944355575, 2223.659748977765, 82084.82754308038, 2679.817299490729)
thaydoisensor_150_nsgaii.out
(120126.13635449392, 2168.801274034936, 117497.32959752297, 2767.1559432875065)
thaydoisensor_250_nsgaII.out
(189769.69577293692, 2344.20810993752, 151015.00618938627, 2733.1153464565273)
