209745.86985449027	3469.595712821165
209893.92659460017	3107.4622536830016
209745.86985449027	3469.595712821165
209745.86985449027	3469.595712821165
209745.86985449027	3469.595712821165
209893.92659460017	3107.4622536830016
209893.92659460017	3107.4622536830016
209745.86985449027	3469.595712821165
209745.86985449027	3469.595712821165
209893.92659460017	3107.4622536830016
209745.86985449027	3469.595712821165
209893.92659460017	3107.4622536830016
toanvd
221905.93675408882	3181.9012163325515
221905.93675408882	3181.9012163325515
221905.93675408882	3181.9012163325515
toanvd
216610.78127614167	3131.002080377034
213760.9471816693	3221.031400584341
213760.9471816693	3221.031400584341
213760.9471816693	3221.031400584341
213760.9471816693	3221.031400584341
toanvd
225361.96353361534	3043.76864964469
toanvd
207313.8014627908	3058.2174394210197
207933.07081645515	3010.143547185781
207933.07081645515	3010.143547185781
207313.8014627908	3058.2174394210197
207933.07081645515	3010.143547185781
207313.8014627908	3058.2174394210197
toanvd
213126.22691780629	3147.6822009429015
213126.22691780629	3147.6822009429015
213126.22691780629	3147.6822009429015
213126.22691780629	3147.6822009429015
213126.22691780629	3147.6822009429015
213126.22691780629	3147.6822009429015
213126.22691780629	3147.6822009429015
213126.22691780629	3147.6822009429015
213126.22691780629	3147.6822009429015
213126.22691780629	3147.6822009429015
213126.22691780629	3147.6822009429015
213126.22691780629	3147.6822009429015
213126.22691780629	3147.6822009429015
213126.22691780629	3147.6822009429015
213126.22691780629	3147.6822009429015
213126.22691780629	3147.6822009429015
213126.22691780629	3147.6822009429015
213126.22691780629	3147.6822009429015
213126.22691780629	3147.6822009429015
213126.22691780629	3147.6822009429015
213126.22691780629	3147.6822009429015
213126.22691780629	3147.6822009429015
213126.22691780629	3147.6822009429015
213126.22691780629	3147.6822009429015
213126.22691780629	3147.6822009429015
213126.22691780629	3147.6822009429015
213126.22691780629	3147.6822009429015
213126.22691780629	3147.6822009429015
213126.22691780629	3147.6822009429015
213126.22691780629	3147.6822009429015
213126.22691780629	3147.6822009429015
213126.22691780629	3147.6822009429015
213126.22691780629	3147.6822009429015
213126.22691780629	3147.6822009429015
213126.22691780629	3147.6822009429015
213126.22691780629	3147.6822009429015
213126.22691780629	3147.6822009429015
213126.22691780629	3147.6822009429015
213126.22691780629	3147.6822009429015
213126.22691780629	3147.6822009429015
213126.22691780629	3147.6822009429015
213126.22691780629	3147.6822009429015
213126.22691780629	3147.6822009429015
213126.22691780629	3147.6822009429015
213126.22691780629	3147.6822009429015
213126.22691780629	3147.6822009429015
213126.22691780629	3147.6822009429015
213126.22691780629	3147.6822009429015
213126.22691780629	3147.6822009429015
213126.22691780629	3147.6822009429015
213126.22691780629	3147.6822009429015
213126.22691780629	3147.6822009429015
213126.22691780629	3147.6822009429015
213126.22691780629	3147.6822009429015
213126.22691780629	3147.6822009429015
213126.22691780629	3147.6822009429015
213126.22691780629	3147.6822009429015
213126.22691780629	3147.6822009429015
213126.22691780629	3147.6822009429015
213126.22691780629	3147.6822009429015
213126.22691780629	3147.6822009429015
213126.22691780629	3147.6822009429015
213126.22691780629	3147.6822009429015
213126.22691780629	3147.6822009429015
213126.22691780629	3147.6822009429015
213126.22691780629	3147.6822009429015
213126.22691780629	3147.6822009429015
213126.22691780629	3147.6822009429015
213126.22691780629	3147.6822009429015
213126.22691780629	3147.6822009429015
213126.22691780629	3147.6822009429015
213126.22691780629	3147.6822009429015
213126.22691780629	3147.6822009429015
213126.22691780629	3147.6822009429015
213126.22691780629	3147.6822009429015
213126.22691780629	3147.6822009429015
213126.22691780629	3147.6822009429015
213126.22691780629	3147.6822009429015
213126.22691780629	3147.6822009429015
213126.22691780629	3147.6822009429015
213126.22691780629	3147.6822009429015
213126.22691780629	3147.6822009429015
213126.22691780629	3147.6822009429015
213126.22691780629	3147.6822009429015
213126.22691780629	3147.6822009429015
213126.22691780629	3147.6822009429015
213126.22691780629	3147.6822009429015
213126.22691780629	3147.6822009429015
213126.22691780629	3147.6822009429015
213126.22691780629	3147.6822009429015
213126.22691780629	3147.6822009429015
213126.22691780629	3147.6822009429015
213126.22691780629	3147.6822009429015
213126.22691780629	3147.6822009429015
213126.22691780629	3147.6822009429015
213126.22691780629	3147.6822009429015
213126.22691780629	3147.6822009429015
213126.22691780629	3147.6822009429015
213126.22691780629	3147.6822009429015
213126.22691780629	3147.6822009429015
213126.22691780629	3147.6822009429015
213126.22691780629	3147.6822009429015
213126.22691780629	3147.6822009429015
213126.22691780629	3147.6822009429015
213126.22691780629	3147.6822009429015
213126.22691780629	3147.6822009429015
toanvd
210849.7609852345	3018.622124478215
210849.7609852345	3018.622124478215
210849.7609852345	3018.622124478215
210849.7609852345	3018.622124478215
210849.7609852345	3018.622124478215
210849.7609852345	3018.622124478215
210849.7609852345	3018.622124478215
210849.7609852345	3018.622124478215
210849.7609852345	3018.622124478215
210849.7609852345	3018.622124478215
210849.7609852345	3018.622124478215
210849.7609852345	3018.622124478215
210849.7609852345	3018.622124478215
210849.7609852345	3018.622124478215
210849.7609852345	3018.622124478215
210849.7609852345	3018.622124478215
210849.7609852345	3018.622124478215
210849.7609852345	3018.622124478215
210849.7609852345	3018.622124478215
210849.7609852345	3018.622124478215
210849.7609852345	3018.622124478215
210849.7609852345	3018.622124478215
210849.7609852345	3018.622124478215
210849.7609852345	3018.622124478215
210849.7609852345	3018.622124478215
210849.7609852345	3018.622124478215
210849.7609852345	3018.622124478215
210849.7609852345	3018.622124478215
210849.7609852345	3018.622124478215
210849.7609852345	3018.622124478215
210849.7609852345	3018.622124478215
210849.7609852345	3018.622124478215
210849.7609852345	3018.622124478215
210849.7609852345	3018.622124478215
210849.7609852345	3018.622124478215
210849.7609852345	3018.622124478215
210849.7609852345	3018.622124478215
210849.7609852345	3018.622124478215
210849.7609852345	3018.622124478215
210849.7609852345	3018.622124478215
210849.7609852345	3018.622124478215
210849.7609852345	3018.622124478215
210849.7609852345	3018.622124478215
210849.7609852345	3018.622124478215
210849.7609852345	3018.622124478215
210849.7609852345	3018.622124478215
210849.7609852345	3018.622124478215
210849.7609852345	3018.622124478215
210849.7609852345	3018.622124478215
210849.7609852345	3018.622124478215
210849.7609852345	3018.622124478215
210849.7609852345	3018.622124478215
210849.7609852345	3018.622124478215
210849.7609852345	3018.622124478215
210849.7609852345	3018.622124478215
210849.7609852345	3018.622124478215
210849.7609852345	3018.622124478215
210849.7609852345	3018.622124478215
210849.7609852345	3018.622124478215
210849.7609852345	3018.622124478215
210849.7609852345	3018.622124478215
210849.7609852345	3018.622124478215
210849.7609852345	3018.622124478215
210849.7609852345	3018.622124478215
210849.7609852345	3018.622124478215
210849.7609852345	3018.622124478215
210849.7609852345	3018.622124478215
210849.7609852345	3018.622124478215
210849.7609852345	3018.622124478215
210849.7609852345	3018.622124478215
210849.7609852345	3018.622124478215
210849.7609852345	3018.622124478215
210849.7609852345	3018.622124478215
210849.7609852345	3018.622124478215
210849.7609852345	3018.622124478215
210849.7609852345	3018.622124478215
210849.7609852345	3018.622124478215
210849.7609852345	3018.622124478215
210849.7609852345	3018.622124478215
210849.7609852345	3018.622124478215
210849.7609852345	3018.622124478215
210849.7609852345	3018.622124478215
210849.7609852345	3018.622124478215
210849.7609852345	3018.622124478215
210849.7609852345	3018.622124478215
210849.7609852345	3018.622124478215
210849.7609852345	3018.622124478215
210849.7609852345	3018.622124478215
210849.7609852345	3018.622124478215
210849.7609852345	3018.622124478215
210849.7609852345	3018.622124478215
210849.7609852345	3018.622124478215
210849.7609852345	3018.622124478215
210849.7609852345	3018.622124478215
210849.7609852345	3018.622124478215
210849.7609852345	3018.622124478215
210849.7609852345	3018.622124478215
210849.7609852345	3018.622124478215
210849.7609852345	3018.622124478215
210849.7609852345	3018.622124478215
210849.7609852345	3018.622124478215
210849.7609852345	3018.622124478215
210849.7609852345	3018.622124478215
210849.7609852345	3018.622124478215
210849.7609852345	3018.622124478215
210849.7609852345	3018.622124478215
210849.7609852345	3018.622124478215
210849.7609852345	3018.622124478215
210849.7609852345	3018.622124478215
210849.7609852345	3018.622124478215
210849.7609852345	3018.622124478215
210849.7609852345	3018.622124478215
210849.7609852345	3018.622124478215
210849.7609852345	3018.622124478215
210849.7609852345	3018.622124478215
210849.7609852345	3018.622124478215
210849.7609852345	3018.622124478215
210849.7609852345	3018.622124478215
210849.7609852345	3018.622124478215
210849.7609852345	3018.622124478215
210849.7609852345	3018.622124478215
210849.7609852345	3018.622124478215
210849.7609852345	3018.622124478215
210849.7609852345	3018.622124478215
210849.7609852345	3018.622124478215
210849.7609852345	3018.622124478215
210849.7609852345	3018.622124478215
210849.7609852345	3018.622124478215
210849.7609852345	3018.622124478215
210849.7609852345	3018.622124478215
toanvd
205208.60797682437	3153.4709595778036
205316.40802332558	3065.9314657471814
205316.40802332558	3065.9314657471814
205208.60797682437	3153.4709595778036
205316.40802332558	3065.9314657471814
205316.40802332558	3065.9314657471814
205208.60797682437	3153.4709595778036
205316.40802332558	3065.9314657471814
205316.40802332558	3065.9314657471814
205316.40802332558	3065.9314657471814
205316.40802332558	3065.9314657471814
205316.40802332558	3065.9314657471814
205316.40802332558	3065.9314657471814
205316.40802332558	3065.9314657471814
205316.40802332558	3065.9314657471814
205316.40802332558	3065.9314657471814
205316.40802332558	3065.9314657471814
205316.40802332558	3065.9314657471814
205316.40802332558	3065.9314657471814
205316.40802332558	3065.9314657471814
205316.40802332558	3065.9314657471814
205316.40802332558	3065.9314657471814
205316.40802332558	3065.9314657471814
205316.40802332558	3065.9314657471814
205316.40802332558	3065.9314657471814
205316.40802332558	3065.9314657471814
205316.40802332558	3065.9314657471814
205316.40802332558	3065.9314657471814
205316.40802332558	3065.9314657471814
205316.40802332558	3065.9314657471814
205316.40802332558	3065.9314657471814
205316.40802332558	3065.9314657471814
205316.40802332558	3065.9314657471814
205316.40802332558	3065.9314657471814
205316.40802332558	3065.9314657471814
205316.40802332558	3065.9314657471814
205316.40802332558	3065.9314657471814
205316.40802332558	3065.9314657471814
205316.40802332558	3065.9314657471814
205316.40802332558	3065.9314657471814
205316.40802332558	3065.9314657471814
205316.40802332558	3065.9314657471814
205316.40802332558	3065.9314657471814
205316.40802332558	3065.9314657471814
205316.40802332558	3065.9314657471814
205316.40802332558	3065.9314657471814
205316.40802332558	3065.9314657471814
205316.40802332558	3065.9314657471814
205316.40802332558	3065.9314657471814
205316.40802332558	3065.9314657471814
205316.40802332558	3065.9314657471814
205316.40802332558	3065.9314657471814
205316.40802332558	3065.9314657471814
205316.40802332558	3065.9314657471814
205316.40802332558	3065.9314657471814
205316.40802332558	3065.9314657471814
205316.40802332558	3065.9314657471814
205316.40802332558	3065.9314657471814
205316.40802332558	3065.9314657471814
205316.40802332558	3065.9314657471814
205316.40802332558	3065.9314657471814
205316.40802332558	3065.9314657471814
205316.40802332558	3065.9314657471814
205316.40802332558	3065.9314657471814
205316.40802332558	3065.9314657471814
205316.40802332558	3065.9314657471814
205316.40802332558	3065.9314657471814
205316.40802332558	3065.9314657471814
205316.40802332558	3065.9314657471814
205316.40802332558	3065.9314657471814
205316.40802332558	3065.9314657471814
205316.40802332558	3065.9314657471814
205316.40802332558	3065.9314657471814
205316.40802332558	3065.9314657471814
205316.40802332558	3065.9314657471814
205316.40802332558	3065.9314657471814
205316.40802332558	3065.9314657471814
205316.40802332558	3065.9314657471814
205316.40802332558	3065.9314657471814
205316.40802332558	3065.9314657471814
205316.40802332558	3065.9314657471814
205316.40802332558	3065.9314657471814
205316.40802332558	3065.9314657471814
205316.40802332558	3065.9314657471814
205316.40802332558	3065.9314657471814
205316.40802332558	3065.9314657471814
205316.40802332558	3065.9314657471814
205316.40802332558	3065.9314657471814
205316.40802332558	3065.9314657471814
205316.40802332558	3065.9314657471814
205316.40802332558	3065.9314657471814
205316.40802332558	3065.9314657471814
205316.40802332558	3065.9314657471814
205316.40802332558	3065.9314657471814
205316.40802332558	3065.9314657471814
205316.40802332558	3065.9314657471814
205316.40802332558	3065.9314657471814
205316.40802332558	3065.9314657471814
205316.40802332558	3065.9314657471814
205316.40802332558	3065.9314657471814
205316.40802332558	3065.9314657471814
205316.40802332558	3065.9314657471814
205316.40802332558	3065.9314657471814
205316.40802332558	3065.9314657471814
205316.40802332558	3065.9314657471814
205316.40802332558	3065.9314657471814
205316.40802332558	3065.9314657471814
205316.40802332558	3065.9314657471814
205316.40802332558	3065.9314657471814
205316.40802332558	3065.9314657471814
205316.40802332558	3065.9314657471814
205316.40802332558	3065.9314657471814
205316.40802332558	3065.9314657471814
205316.40802332558	3065.9314657471814
205316.40802332558	3065.9314657471814
205316.40802332558	3065.9314657471814
205316.40802332558	3065.9314657471814
205316.40802332558	3065.9314657471814
205316.40802332558	3065.9314657471814
205316.40802332558	3065.9314657471814
205316.40802332558	3065.9314657471814
205316.40802332558	3065.9314657471814
205316.40802332558	3065.9314657471814
205316.40802332558	3065.9314657471814
205316.40802332558	3065.9314657471814
205316.40802332558	3065.9314657471814
205316.40802332558	3065.9314657471814
205316.40802332558	3065.9314657471814
205316.40802332558	3065.9314657471814
205316.40802332558	3065.9314657471814
205316.40802332558	3065.9314657471814
205316.40802332558	3065.9314657471814
205316.40802332558	3065.9314657471814
205316.40802332558	3065.9314657471814
205316.40802332558	3065.9314657471814
205316.40802332558	3065.9314657471814
205316.40802332558	3065.9314657471814
205316.40802332558	3065.9314657471814
205316.40802332558	3065.9314657471814
205316.40802332558	3065.9314657471814
205316.40802332558	3065.9314657471814
205316.40802332558	3065.9314657471814
205316.40802332558	3065.9314657471814
205316.40802332558	3065.9314657471814
205316.40802332558	3065.9314657471814
205316.40802332558	3065.9314657471814
205316.40802332558	3065.9314657471814
205316.40802332558	3065.9314657471814
205316.40802332558	3065.9314657471814
205316.40802332558	3065.9314657471814
205316.40802332558	3065.9314657471814
205316.40802332558	3065.9314657471814
205316.40802332558	3065.9314657471814
205316.40802332558	3065.9314657471814
205316.40802332558	3065.9314657471814
205316.40802332558	3065.9314657471814
205316.40802332558	3065.9314657471814
205316.40802332558	3065.9314657471814
205316.40802332558	3065.9314657471814
205316.40802332558	3065.9314657471814
205316.40802332558	3065.9314657471814
205316.40802332558	3065.9314657471814
205316.40802332558	3065.9314657471814
205316.40802332558	3065.9314657471814
205316.40802332558	3065.9314657471814
205316.40802332558	3065.9314657471814
205316.40802332558	3065.9314657471814
205316.40802332558	3065.9314657471814
205316.40802332558	3065.9314657471814
205316.40802332558	3065.9314657471814
205316.40802332558	3065.9314657471814
205316.40802332558	3065.9314657471814
205316.40802332558	3065.9314657471814
205316.40802332558	3065.9314657471814
205316.40802332558	3065.9314657471814
205316.40802332558	3065.9314657471814
205316.40802332558	3065.9314657471814
205316.40802332558	3065.9314657471814
205316.40802332558	3065.9314657471814
205316.40802332558	3065.9314657471814
205316.40802332558	3065.9314657471814
205316.40802332558	3065.9314657471814
205316.40802332558	3065.9314657471814
205316.40802332558	3065.9314657471814
205316.40802332558	3065.9314657471814
205316.40802332558	3065.9314657471814
205316.40802332558	3065.9314657471814
205316.40802332558	3065.9314657471814
205316.40802332558	3065.9314657471814
205316.40802332558	3065.9314657471814
205316.40802332558	3065.9314657471814
205316.40802332558	3065.9314657471814
205316.40802332558	3065.9314657471814
205316.40802332558	3065.9314657471814
205316.40802332558	3065.9314657471814
205316.40802332558	3065.9314657471814
205316.40802332558	3065.9314657471814
205316.40802332558	3065.9314657471814
205316.40802332558	3065.9314657471814
205316.40802332558	3065.9314657471814
toanvd
217672.81564924194	3510.706076795169
217672.81564924194	3510.706076795169
217672.81564924194	3510.706076795169
217672.81564924194	3510.706076795169
217672.81564924194	3510.706076795169
217672.81564924194	3510.706076795169
217672.81564924194	3510.706076795169
217672.81564924194	3510.706076795169
217672.81564924194	3510.706076795169
217672.81564924194	3510.706076795169
217672.81564924194	3510.706076795169
217672.81564924194	3510.706076795169
217672.81564924194	3510.706076795169
217672.81564924194	3510.706076795169
217672.81564924194	3510.706076795169
217672.81564924194	3510.706076795169
217672.81564924194	3510.706076795169
217672.81564924194	3510.706076795169
217672.81564924194	3510.706076795169
217672.81564924194	3510.706076795169
217672.81564924194	3510.706076795169
217672.81564924194	3510.706076795169
toanvd
213049.65183438253	3396.7137782047266
213049.65183438253	3396.7137782047266
213049.65183438253	3396.7137782047266
214366.1155797756	2932.8523245725282
213049.65183438253	3396.7137782047266
toanvd
217546.18800653063	3153.4085727025854
216140.37276507696	3159.11499588946
216140.37276507696	3159.11499588946
216140.37276507696	3159.11499588946
toanvd
214682.01738661583	3108.787423396411
214682.01738661583	3108.787423396411
214682.01738661583	3108.787423396411
214682.01738661583	3108.787423396411
214682.01738661583	3108.787423396411
214682.01738661583	3108.787423396411
214682.01738661583	3108.787423396411
214682.01738661583	3108.787423396411
214682.01738661583	3108.787423396411
214682.01738661583	3108.787423396411
214682.01738661583	3108.787423396411
214682.01738661583	3108.787423396411
214682.01738661583	3108.787423396411
214682.01738661583	3108.787423396411
214682.01738661583	3108.787423396411
214682.01738661583	3108.787423396411
214682.01738661583	3108.787423396411
214682.01738661583	3108.787423396411
214682.01738661583	3108.787423396411
214682.01738661583	3108.787423396411
214682.01738661583	3108.787423396411
214682.01738661583	3108.787423396411
214682.01738661583	3108.787423396411
214682.01738661583	3108.787423396411
214682.01738661583	3108.787423396411
214682.01738661583	3108.787423396411
214682.01738661583	3108.787423396411
214682.01738661583	3108.787423396411
214682.01738661583	3108.787423396411
214682.01738661583	3108.787423396411
214682.01738661583	3108.787423396411
214682.01738661583	3108.787423396411
214682.01738661583	3108.787423396411
214682.01738661583	3108.787423396411
214682.01738661583	3108.787423396411
214682.01738661583	3108.787423396411
214682.01738661583	3108.787423396411
214682.01738661583	3108.787423396411
214682.01738661583	3108.787423396411
214682.01738661583	3108.787423396411
214682.01738661583	3108.787423396411
214682.01738661583	3108.787423396411
214682.01738661583	3108.787423396411
214682.01738661583	3108.787423396411
toanvd
210154.38938455688	3252.328762023874
210154.38938455688	3252.328762023874
210154.38938455688	3252.328762023874
210154.38938455688	3252.328762023874
210154.38938455688	3252.328762023874
210154.38938455688	3252.328762023874
210154.38938455688	3252.328762023874
210154.38938455688	3252.328762023874
210154.38938455688	3252.328762023874
210154.38938455688	3252.328762023874
210154.38938455688	3252.328762023874
210154.38938455688	3252.328762023874
210154.38938455688	3252.328762023874
210154.38938455688	3252.328762023874
210154.38938455688	3252.328762023874
210154.38938455688	3252.328762023874
210154.38938455688	3252.328762023874
210154.38938455688	3252.328762023874
210154.38938455688	3252.328762023874
210154.38938455688	3252.328762023874
210154.38938455688	3252.328762023874
210154.38938455688	3252.328762023874
210154.38938455688	3252.328762023874
210154.38938455688	3252.328762023874
210154.38938455688	3252.328762023874
210154.38938455688	3252.328762023874
210154.38938455688	3252.328762023874
210154.38938455688	3252.328762023874
210154.38938455688	3252.328762023874
210154.38938455688	3252.328762023874
210154.38938455688	3252.328762023874
210154.38938455688	3252.328762023874
210154.38938455688	3252.328762023874
210154.38938455688	3252.328762023874
210154.38938455688	3252.328762023874
210154.38938455688	3252.328762023874
210154.38938455688	3252.328762023874
210154.38938455688	3252.328762023874
210154.38938455688	3252.328762023874
210154.38938455688	3252.328762023874
210154.38938455688	3252.328762023874
210154.38938455688	3252.328762023874
210154.38938455688	3252.328762023874
210154.38938455688	3252.328762023874
210154.38938455688	3252.328762023874
210154.38938455688	3252.328762023874
210154.38938455688	3252.328762023874
210154.38938455688	3252.328762023874
210154.38938455688	3252.328762023874
210154.38938455688	3252.328762023874
210154.38938455688	3252.328762023874
210154.38938455688	3252.328762023874
210154.38938455688	3252.328762023874
210154.38938455688	3252.328762023874
210154.38938455688	3252.328762023874
210154.38938455688	3252.328762023874
210154.38938455688	3252.328762023874
210154.38938455688	3252.328762023874
210154.38938455688	3252.328762023874
210154.38938455688	3252.328762023874
210154.38938455688	3252.328762023874
210154.38938455688	3252.328762023874
210154.38938455688	3252.328762023874
210154.38938455688	3252.328762023874
210154.38938455688	3252.328762023874
210154.38938455688	3252.328762023874
210154.38938455688	3252.328762023874
210154.38938455688	3252.328762023874
210154.38938455688	3252.328762023874
210154.38938455688	3252.328762023874
210154.38938455688	3252.328762023874
210154.38938455688	3252.328762023874
210154.38938455688	3252.328762023874
210154.38938455688	3252.328762023874
210154.38938455688	3252.328762023874
210154.38938455688	3252.328762023874
210154.38938455688	3252.328762023874
210154.38938455688	3252.328762023874
210154.38938455688	3252.328762023874
210154.38938455688	3252.328762023874
210154.38938455688	3252.328762023874
210154.38938455688	3252.328762023874
210154.38938455688	3252.328762023874
210154.38938455688	3252.328762023874
210154.38938455688	3252.328762023874
210154.38938455688	3252.328762023874
210154.38938455688	3252.328762023874
210154.38938455688	3252.328762023874
210154.38938455688	3252.328762023874
210154.38938455688	3252.328762023874
210154.38938455688	3252.328762023874
210154.38938455688	3252.328762023874
210154.38938455688	3252.328762023874
210154.38938455688	3252.328762023874
210154.38938455688	3252.328762023874
210154.38938455688	3252.328762023874
210154.38938455688	3252.328762023874
210154.38938455688	3252.328762023874
210154.38938455688	3252.328762023874
210154.38938455688	3252.328762023874
210154.38938455688	3252.328762023874
210154.38938455688	3252.328762023874
210154.38938455688	3252.328762023874
210154.38938455688	3252.328762023874
210154.38938455688	3252.328762023874
210154.38938455688	3252.328762023874
210154.38938455688	3252.328762023874
210154.38938455688	3252.328762023874
210154.38938455688	3252.328762023874
210154.38938455688	3252.328762023874
210154.38938455688	3252.328762023874
210154.38938455688	3252.328762023874
210154.38938455688	3252.328762023874
210154.38938455688	3252.328762023874
210154.38938455688	3252.328762023874
210154.38938455688	3252.328762023874
210154.38938455688	3252.328762023874
210154.38938455688	3252.328762023874
210154.38938455688	3252.328762023874
210154.38938455688	3252.328762023874
210154.38938455688	3252.328762023874
210154.38938455688	3252.328762023874
210154.38938455688	3252.328762023874
210154.38938455688	3252.328762023874
210154.38938455688	3252.328762023874
210154.38938455688	3252.328762023874
210154.38938455688	3252.328762023874
210154.38938455688	3252.328762023874
210154.38938455688	3252.328762023874
210154.38938455688	3252.328762023874
210154.38938455688	3252.328762023874
210154.38938455688	3252.328762023874
210154.38938455688	3252.328762023874
210154.38938455688	3252.328762023874
210154.38938455688	3252.328762023874
210154.38938455688	3252.328762023874
210154.38938455688	3252.328762023874
210154.38938455688	3252.328762023874
210154.38938455688	3252.328762023874
210154.38938455688	3252.328762023874
210154.38938455688	3252.328762023874
210154.38938455688	3252.328762023874
210154.38938455688	3252.328762023874
210154.38938455688	3252.328762023874
210154.38938455688	3252.328762023874
210154.38938455688	3252.328762023874
210154.38938455688	3252.328762023874
210154.38938455688	3252.328762023874
210154.38938455688	3252.328762023874
210154.38938455688	3252.328762023874
210154.38938455688	3252.328762023874
210154.38938455688	3252.328762023874
210154.38938455688	3252.328762023874
210154.38938455688	3252.328762023874
210154.38938455688	3252.328762023874
210154.38938455688	3252.328762023874
210154.38938455688	3252.328762023874
210154.38938455688	3252.328762023874
210154.38938455688	3252.328762023874
210154.38938455688	3252.328762023874
210154.38938455688	3252.328762023874
210154.38938455688	3252.328762023874
210154.38938455688	3252.328762023874
210154.38938455688	3252.328762023874
210154.38938455688	3252.328762023874
210154.38938455688	3252.328762023874
210154.38938455688	3252.328762023874
210154.38938455688	3252.328762023874
210154.38938455688	3252.328762023874
210154.38938455688	3252.328762023874
210154.38938455688	3252.328762023874
210154.38938455688	3252.328762023874
210154.38938455688	3252.328762023874
210154.38938455688	3252.328762023874
210154.38938455688	3252.328762023874
210154.38938455688	3252.328762023874
210154.38938455688	3252.328762023874
210154.38938455688	3252.328762023874
210154.38938455688	3252.328762023874
210154.38938455688	3252.328762023874
210154.38938455688	3252.328762023874
210154.38938455688	3252.328762023874
210154.38938455688	3252.328762023874
210154.38938455688	3252.328762023874
210154.38938455688	3252.328762023874
210154.38938455688	3252.328762023874
210154.38938455688	3252.328762023874
210154.38938455688	3252.328762023874
210154.38938455688	3252.328762023874
210154.38938455688	3252.328762023874
210154.38938455688	3252.328762023874
210154.38938455688	3252.328762023874
210154.38938455688	3252.328762023874
210154.38938455688	3252.328762023874
210154.38938455688	3252.328762023874
210154.38938455688	3252.328762023874
210154.38938455688	3252.328762023874
210154.38938455688	3252.328762023874
210154.38938455688	3252.328762023874
210154.38938455688	3252.328762023874
toanvd
222469.5400681515	3110.2449458074884
223444.9542990331	3055.3321874549
222469.5400681515	3110.2449458074884
222469.5400681515	3110.2449458074884
toanvd
222225.7312121308	3155.0481907284416
222225.7312121308	3155.0481907284416
222141.15208400495	3343.9694407571073
222225.7312121308	3155.0481907284416
222141.15208400495	3343.9694407571073
222353.75214244114	3142.568002358224
222225.7312121308	3155.0481907284416
222225.7312121308	3155.0481907284416
222225.7312121308	3155.0481907284416
222225.7312121308	3155.0481907284416
222141.15208400495	3343.9694407571073
222225.7312121308	3155.0481907284416
222141.15208400495	3343.9694407571073
222353.75214244114	3142.568002358224
toanvd
210194.12871647035	3004.907921815044
210194.12871647035	3004.907921815044
210315.46387229976	2961.439274269718
210194.12871647035	3004.907921815044
210315.46387229976	2961.439274269718
210194.12871647035	3004.907921815044
211525.17714139758	2888.830720343656
210315.46387229976	2961.439274269718
210194.12871647035	3004.907921815044
210315.46387229976	2961.439274269718
209816.74470846012	3146.526284001344
210315.46387229976	2961.439274269718
210177.42257370614	3113.105545590975
toanvd
