233313.30509382903	2898.9211490809016
233313.30509382903	2898.9211490809016
233313.30509382903	2898.9211490809016
233313.30509382903	2898.9211490809016
233313.30509382903	2898.9211490809016
233313.30509382903	2898.9211490809016
233313.30509382903	2898.9211490809016
233313.30509382903	2898.9211490809016
233313.30509382903	2898.9211490809016
233313.30509382903	2898.9211490809016
233313.30509382903	2898.9211490809016
233313.30509382903	2898.9211490809016
233313.30509382903	2898.9211490809016
233313.30509382903	2898.9211490809016
233313.30509382903	2898.9211490809016
233313.30509382903	2898.9211490809016
232243.69891415085	2900.9193491721603
233313.30509382903	2898.9211490809016
toanvd
221151.06810881395	3454.528541309312
221151.06810881395	3454.528541309312
221151.06810881395	3454.528541309312
221151.06810881395	3454.528541309312
221151.06810881395	3454.528541309312
221151.06810881395	3454.528541309312
221151.06810881395	3454.528541309312
221151.06810881395	3454.528541309312
221151.06810881395	3454.528541309312
221151.06810881395	3454.528541309312
221151.06810881395	3454.528541309312
221151.06810881395	3454.528541309312
toanvd
209544.5564745284	3408.731949914354
211528.33537034833	2899.6309318925473
210883.6075953188	2937.8319200773685
211528.33537034833	2899.6309318925473
toanvd
227494.11623124042	3053.8577373636103
227494.11623124042	3053.8577373636103
227494.11623124042	3053.8577373636103
227494.11623124042	3053.8577373636103
227494.11623124042	3053.8577373636103
227494.11623124042	3053.8577373636103
227494.11623124042	3053.8577373636103
227494.11623124042	3053.8577373636103
227494.11623124042	3053.8577373636103
toanvd
