235655.61032613931	3518.2933275663804
235563.6610850846	3951.671635319305
235563.6610850846	3951.671635319305
235563.6610850846	3951.671635319305
235563.6610850846	3951.671635319305
toanvd
232752.2046084973	3705.0621119422167
232752.2046084973	3705.0621119422167
232292.44622875532	3744.282669282391
232292.44622875532	3744.282669282391
toanvd
229887.33335887958	3542.387051409857
toanvd
235065.8168297015	3498.856600659745
234482.58928059143	3673.18535589702
toanvd
237851.7236714549	4114.881181589641
237851.7236714549	4114.881181589641
237851.7236714549	4114.881181589641
237851.7236714549	4114.881181589641
237851.7236714549	4114.881181589641
237851.7236714549	4114.881181589641
237851.7236714549	4114.881181589641
243737.6397955295	3523.2842157859204
238410.14113652625	3999.4642725099748
237851.7236714549	4114.881181589641
237851.7236714549	4114.881181589641
237851.7236714549	4114.881181589641
237851.7236714549	4114.881181589641
237851.7236714549	4114.881181589641
237851.7236714549	4114.881181589641
237851.7236714549	4114.881181589641
237851.7236714549	4114.881181589641
237851.7236714549	4114.881181589641
237851.7236714549	4114.881181589641
237851.7236714549	4114.881181589641
237851.7236714549	4114.881181589641
237851.7236714549	4114.881181589641
237851.7236714549	4114.881181589641
237851.7236714549	4114.881181589641
237851.7236714549	4114.881181589641
237851.7236714549	4114.881181589641
243314.24313506414	3694.8194065582966
toanvd
234996.63440814195	3675.6906103264114
234996.63440814195	3675.6906103264114
229127.11108088202	3791.511170556508
229127.11108088202	3791.511170556508
229127.11108088202	3791.511170556508
239245.69285121412	3637.417858794072
toanvd
231411.96252433633	3311.080721807629
231411.96252433633	3311.080721807629
231411.96252433633	3311.080721807629
229375.91760758506	3722.415998457142
toanvd
241558.417236178	3783.1836945631676
231270.8876364978	3943.2586774077845
241558.417236178	3783.1836945631676
241558.417236178	3783.1836945631676
231270.8876364978	3943.2586774077845
233202.4703770777	3910.9165639261155
233065.57296134584	3916.39523662154
toanvd
223822.29888321197	3544.141880866032
223822.29888321197	3544.141880866032
toanvd
243976.62420092252	3890.8485712561983
243976.62420092252	3890.8485712561983
243976.62420092252	3890.8485712561983
243976.62420092252	3890.8485712561983
243976.62420092252	3890.8485712561983
222241.20288230298	3934.84173200722
222241.20288230298	3934.84173200722
toanvd
236143.6679879802	3674.890126707307
236143.6679879802	3674.890126707307
236143.6679879802	3674.890126707307
236143.6679879802	3674.890126707307
236143.6679879802	3674.890126707307
236143.6679879802	3674.890126707307
236143.6679879802	3674.890126707307
toanvd
235267.0393147155	3625.9650553510064
235267.0393147155	3625.9650553510064
235267.0393147155	3625.9650553510064
235267.0393147155	3625.9650553510064
235267.0393147155	3625.9650553510064
toanvd
232318.57910379392	4037.9164786446026
234197.05425894313	3901.041607582745
236660.21154914162	3857.349160852089
232203.9867430565	4124.738682748536
toanvd
228171.74018995574	3453.5015380086415
toanvd
227477.80542622207	3555.128049299905
227477.80542622207	3555.128049299905
227477.80542622207	3555.128049299905
224129.52300716419	3654.940186086828
toanvd
236144.20055071037	3702.5245308456747
236144.20055071037	3702.5245308456747
235846.93493364324	3712.341282225854
236144.20055071037	3702.5245308456747
toanvd
231933.21010336236	3639.028509841786
231933.21010336236	3639.028509841786
232181.97100850893	3543.6180079584683
231933.21010336236	3639.028509841786
231933.21010336236	3639.028509841786
toanvd
232362.4490239954	3467.178123961866
230351.79379748096	3741.22650813392
toanvd
237013.61440568574	3663.382175355487
237013.61440568574	3663.382175355487
235417.57579698475	3714.522946272607
235455.47962592563	3690.400543795713
235455.47962592563	3690.400543795713
232595.74675355328	3939.219175774428
toanvd
244519.1687022722	4879.790262981918
253689.898678887	4145.259115974598
245932.65519048576	4314.374398760081
toanvd
226243.3086559946	3947.5021612903615
228178.14917584506	3897.4049270963455
toanvd
237343.55745648948	3780.550865178014
237343.55745648948	3780.550865178014
237343.55745648948	3780.550865178014
241502.06977109742	3542.387051409857
229108.2602317906	4309.692598342092
236655.6822433718	3824.743120156876
236655.6822433718	3824.743120156876
236655.6822433718	3824.743120156876
236655.6822433718	3824.743120156876
236655.6822433718	3824.743120156876
236655.6822433718	3824.743120156876
236655.6822433718	3824.743120156876
toanvd
233679.62418725752	3642.5424483148076
233373.44250882455	4236.247295398778
233373.44250882455	4236.247295398778
233373.44250882455	4236.247295398778
233373.44250882455	4236.247295398778
233373.44250882455	4236.247295398778
233373.44250882455	4236.247295398778
toanvd
231573.61808497962	3795.014201998357
229991.23651904336	3938.52316301861
toanvd
222799.72863621783	3928.2380053044394
toanvd
227063.08396196255	3523.2739727114326
227063.08396196255	3523.2739727114326
227063.08396196255	3523.2739727114326
226821.3192943001	3694.8194065582966
227063.08396196255	3523.2739727114326
227063.08396196255	3523.2739727114326
223361.00739753377	4083.1422272121536
224576.47667900592	3751.9741500266564
toanvd
233814.506103142	3415.5052184522256
toanvd
231280.3881843538	3304.587196605715
229836.77574607375	3396.7524889458823
toanvd
242653.91964629866	3608.8584465555286
242653.91964629866	3608.8584465555286
242653.91964629866	3608.8584465555286
242653.91964629866	3608.8584465555286
242653.91964629866	3608.8584465555286
242653.91964629866	3608.8584465555286
242653.91964629866	3608.8584465555286
242653.91964629866	3608.8584465555286
242653.91964629866	3608.8584465555286
242653.91964629866	3608.8584465555286
242653.91964629866	3608.8584465555286
242653.91964629866	3608.8584465555286
242653.91964629866	3608.8584465555286
242653.91964629866	3608.8584465555286
242653.91964629866	3608.8584465555286
toanvd
245288.46268237368	3745.8006197744203
242755.5369043696	3774.3131543553673
242755.5369043696	3774.3131543553673
242755.5369043696	3774.3131543553673
234664.53413897168	4147.951432446077
234664.53413897168	4147.951432446077
234606.02562312176	4183.634171599831
toanvd
244435.7061908037	3430.2032593189188
244435.7061908037	3430.2032593189188
244435.7061908037	3430.2032593189188
244435.7061908037	3430.2032593189188
239701.08273747037	3523.2842157859204
239701.08273747037	3523.2842157859204
239701.08273747037	3523.2842157859204
239701.08273747037	3523.2842157859204
239701.08273747037	3523.2842157859204
239701.08273747037	3523.2842157859204
239701.08273747037	3523.2842157859204
239701.08273747037	3523.2842157859204
239701.08273747037	3523.2842157859204
239701.08273747037	3523.2842157859204
239701.08273747037	3523.2842157859204
239701.08273747037	3523.2842157859204
239701.08273747037	3523.2842157859204
239701.08273747037	3523.2842157859204
239701.08273747037	3523.2842157859204
239701.08273747037	3523.2842157859204
toanvd
233431.2153083571	4124.738682748536
233431.2153083571	4124.738682748536
236015.0937086129	4044.994740569308
toanvd
227245.0938214943	3458.8379567342918
227245.0938214943	3458.8379567342918
227899.80128358063	3410.7508122428403
227899.80128358063	3410.7508122428403
toanvd
231021.56194660344	3498.4512081932457
227568.84560845763	3554.0927037520396
toanvd
239580.68174440102	3542.387051409857
237145.6727387592	3674.24607735778
237589.2985194842	3584.303394926489
237589.2985194842	3584.303394926489
237589.2985194842	3584.303394926489
237589.2985194842	3584.303394926489
237589.2985194842	3584.303394926489
237589.2985194842	3584.303394926489
toanvd
237414.6403553768	3441.594552942281
237414.6403553768	3441.594552942281
236430.115887983	3880.5559475818127
237414.6403553768	3441.594552942281
235020.99929595014	3890.0683695937364
235020.99929595014	3890.0683695937364
235020.99929595014	3890.0683695937364
235020.99929595014	3890.0683695937364
235020.99929595014	3890.0683695937364
235020.99929595014	3890.0683695937364
235020.99929595014	3890.0683695937364
235020.99929595014	3890.0683695937364
235020.99929595014	3890.0683695937364
235020.99929595014	3890.0683695937364
235020.99929595014	3890.0683695937364
235020.99929595014	3890.0683695937364
235020.99929595014	3890.0683695937364
235020.99929595014	3890.0683695937364
235020.99929595014	3890.0683695937364
toanvd
223383.01563274782	3745.959529014673
222266.8442071342	3851.2087571657476
222266.8442071342	3851.2087571657476
222266.8442071342	3851.2087571657476
222266.8442071342	3851.2087571657476
222266.8442071342	3851.2087571657476
222266.8442071342	3851.2087571657476
222266.8442071342	3851.2087571657476
222266.8442071342	3851.2087571657476
222266.8442071342	3851.2087571657476
222266.8442071342	3851.2087571657476
222266.8442071342	3851.2087571657476
222266.8442071342	3851.2087571657476
222266.8442071342	3851.2087571657476
222266.8442071342	3851.2087571657476
222266.8442071342	3851.2087571657476
222266.8442071342	3851.2087571657476
222266.8442071342	3851.2087571657476
222266.8442071342	3851.2087571657476
222266.8442071342	3851.2087571657476
222266.8442071342	3851.2087571657476
222266.8442071342	3851.2087571657476
222266.8442071342	3851.2087571657476
222266.8442071342	3851.2087571657476
222266.8442071342	3851.2087571657476
222266.8442071342	3851.2087571657476
222266.8442071342	3851.2087571657476
222266.8442071342	3851.2087571657476
222266.8442071342	3851.2087571657476
222266.8442071342	3851.2087571657476
222266.8442071342	3851.2087571657476
222266.8442071342	3851.2087571657476
222266.8442071342	3851.2087571657476
222266.8442071342	3851.2087571657476
222266.8442071342	3851.2087571657476
222266.8442071342	3851.2087571657476
222266.8442071342	3851.2087571657476
222266.8442071342	3851.2087571657476
222266.8442071342	3851.2087571657476
222266.8442071342	3851.2087571657476
222266.8442071342	3851.2087571657476
222266.8442071342	3851.2087571657476
222266.8442071342	3851.2087571657476
222266.8442071342	3851.2087571657476
222266.8442071342	3851.2087571657476
222266.8442071342	3851.2087571657476
222266.8442071342	3851.2087571657476
222266.8442071342	3851.2087571657476
222266.8442071342	3851.2087571657476
222266.8442071342	3851.2087571657476
toanvd
226300.07570268927	3919.9264577290837
226611.18425632358	3656.537609495125
226611.18425632358	3656.537609495125
226611.18425632358	3656.537609495125
226611.18425632358	3656.537609495125
226611.18425632358	3656.537609495125
226611.18425632358	3656.537609495125
226611.18425632358	3656.537609495125
226611.18425632358	3656.537609495125
226611.18425632358	3656.537609495125
226611.18425632358	3656.537609495125
226611.18425632358	3656.537609495125
226611.18425632358	3656.537609495125
226611.18425632358	3656.537609495125
226611.18425632358	3656.537609495125
226611.18425632358	3656.537609495125
226611.18425632358	3656.537609495125
226611.18425632358	3656.537609495125
226611.18425632358	3656.537609495125
226611.18425632358	3656.537609495125
226611.18425632358	3656.537609495125
226611.18425632358	3656.537609495125
226611.18425632358	3656.537609495125
226611.18425632358	3656.537609495125
226611.18425632358	3656.537609495125
226611.18425632358	3656.537609495125
226611.18425632358	3656.537609495125
toanvd
234332.25700450325	3558.9742852468594
234332.25700450325	3558.9742852468594
234332.25700450325	3558.9742852468594
234332.25700450325	3558.9742852468594
234332.25700450325	3558.9742852468594
234332.25700450325	3558.9742852468594
234332.25700450325	3558.9742852468594
toanvd
230752.232324729	3352.681862614523
234702.04141887327	3253.159989547811
231430.32194718427	3330.7086614265577
toanvd
231188.66234895086	3768.537848617102
toanvd
230859.41641463077	3522.050216733453
toanvd
232439.969758307	3444.155036354861
229418.6134436047	3951.7407331878867
232144.02331324862	3555.395999134603
229418.6134436047	3951.7407331878867
229418.6134436047	3951.7407331878867
232144.02331324862	3555.395999134603
229418.6134436047	3951.7407331878867
232144.02331324862	3555.395999134603
232144.02331324862	3555.395999134603
229418.6134436047	3951.7407331878867
toanvd
230443.2970024318	4037.9164786446026
230443.2970024318	4037.9164786446026
230443.2970024318	4037.9164786446026
230793.58462139967	3951.8776040567486
239028.8430883057	3816.5318057569734
239028.8430883057	3816.5318057569734
239028.8430883057	3816.5318057569734
toanvd
227428.22410178726	3416.6259653482334
224862.85100676247	3916.39523662154
226301.8140273718	3522.907648332605
226301.8140273718	3522.907648332605
226301.8140273718	3522.907648332605
226301.8140273718	3522.907648332605
toanvd
229466.61993776154	4147.128446262991
229466.61993776154	4147.128446262991
229181.42100507265	4656.595768920838
253684.0888956581	3913.7046519453993
229181.42100507265	4656.595768920838
229466.61993776154	4147.128446262991
229181.42100507265	4656.595768920838
229466.61993776154	4147.128446262991
229181.42100507265	4656.595768920838
238678.22155827296	3947.0306085616708
238678.22155827296	3947.0306085616708
238678.22155827296	3947.0306085616708
238678.22155827296	3947.0306085616708
238678.22155827296	3947.0306085616708
238678.22155827296	3947.0306085616708
238678.22155827296	3947.0306085616708
238678.22155827296	3947.0306085616708
238678.22155827296	3947.0306085616708
238678.22155827296	3947.0306085616708
238484.86766019627	3968.7832563405564
238484.86766019627	3968.7832563405564
238484.86766019627	3968.7832563405564
238484.86766019627	3968.7832563405564
229181.42100507265	4656.595768920838
229181.42100507265	4656.595768920838
229181.42100507265	4656.595768920838
229181.42100507265	4656.595768920838
229181.42100507265	4656.595768920838
229181.42100507265	4656.595768920838
229181.42100507265	4656.595768920838
229181.42100507265	4656.595768920838
229181.42100507265	4656.595768920838
229181.42100507265	4656.595768920838
238678.22155827296	3947.0306085616708
238678.22155827296	3947.0306085616708
238678.22155827296	3947.0306085616708
238678.22155827296	3947.0306085616708
238678.22155827296	3947.0306085616708
238678.22155827296	3947.0306085616708
238678.22155827296	3947.0306085616708
toanvd
224775.29868639485	3771.9820024885453
228652.69459648212	3673.18535589702
226050.80265646917	3731.2670497930967
toanvd
228467.95032134032	3577.0323577466484
228467.95032134032	3577.0323577466484
toanvd
237173.4988401079	3614.8755245376233
237173.4988401079	3614.8755245376233
237143.04550723245	3745.139594001184
237143.04550723245	3745.139594001184
237045.0016645091	3778.920956725027
237143.04550723245	3745.139594001184
237143.04550723245	3745.139594001184
237143.04550723245	3745.139594001184
237045.0016645091	3778.920956725027
237143.04550723245	3745.139594001184
237045.0016645091	3778.920956725027
237045.0016645091	3778.920956725027
toanvd
227093.88672914807	3677.2203664573144
toanvd
238431.20720618224	3844.7053440634763
238431.20720618224	3844.7053440634763
toanvd
237016.0225531773	3912.7218159443128
237016.0225531773	3912.7218159443128
237016.0225531773	3912.7218159443128
237016.0225531773	3912.7218159443128
237016.0225531773	3912.7218159443128
237016.0225531773	3912.7218159443128
237016.0225531773	3912.7218159443128
237016.0225531773	3912.7218159443128
237016.0225531773	3912.7218159443128
237016.0225531773	3912.7218159443128
237016.0225531773	3912.7218159443128
237016.0225531773	3912.7218159443128
237016.0225531773	3912.7218159443128
237016.0225531773	3912.7218159443128
237016.0225531773	3912.7218159443128
237016.0225531773	3912.7218159443128
237016.0225531773	3912.7218159443128
237016.0225531773	3912.7218159443128
237016.0225531773	3912.7218159443128
265402.5555513501	3695.3913263753743
237016.0225531773	3912.7218159443128
237016.0225531773	3912.7218159443128
237016.0225531773	3912.7218159443128
237016.0225531773	3912.7218159443128
237016.0225531773	3912.7218159443128
237016.0225531773	3912.7218159443128
237016.0225531773	3912.7218159443128
237016.0225531773	3912.7218159443128
237016.0225531773	3912.7218159443128
237016.0225531773	3912.7218159443128
237016.0225531773	3912.7218159443128
237016.0225531773	3912.7218159443128
237016.0225531773	3912.7218159443128
237016.0225531773	3912.7218159443128
237016.0225531773	3912.7218159443128
237016.0225531773	3912.7218159443128
243624.0075753462	3714.522946272607
243624.0075753462	3714.522946272607
243624.0075753462	3714.522946272607
242380.89849770739	3816.5318057569734
237711.61561654782	3907.646687432155
237711.61561654782	3907.646687432155
237711.61561654782	3907.646687432155
237711.61561654782	3907.646687432155
237711.61561654782	3907.646687432155
237711.61561654782	3907.646687432155
237711.61561654782	3907.646687432155
237711.61561654782	3907.646687432155
237711.61561654782	3907.646687432155
237711.61561654782	3907.646687432155
237711.61561654782	3907.646687432155
237711.61561654782	3907.646687432155
237711.61561654782	3907.646687432155
237711.61561654782	3907.646687432155
237711.61561654782	3907.646687432155
237711.61561654782	3907.646687432155
237711.61561654782	3907.646687432155
237711.61561654782	3907.646687432155
237711.61561654782	3907.646687432155
237711.61561654782	3907.646687432155
237711.61561654782	3907.646687432155
237711.61561654782	3907.646687432155
toanvd
247023.60052015694	3892.665338896177
247023.60052015694	3892.665338896177
256603.69336880572	3763.0944075545663
247023.60052015694	3892.665338896177
247023.60052015694	3892.665338896177
247023.60052015694	3892.665338896177
256603.69336880572	3763.0944075545663
247023.60052015694	3892.665338896177
247023.60052015694	3892.665338896177
256603.69336880572	3763.0944075545663
247023.60052015694	3892.665338896177
247023.60052015694	3892.665338896177
247023.60052015694	3892.665338896177
247023.60052015694	3892.665338896177
247023.60052015694	3892.665338896177
256603.69336880572	3763.0944075545663
247023.60052015694	3892.665338896177
247023.60052015694	3892.665338896177
247023.60052015694	3892.665338896177
247023.60052015694	3892.665338896177
247023.60052015694	3892.665338896177
247023.60052015694	3892.665338896177
256603.69336880572	3763.0944075545663
251967.3716175468	3820.496917302153
246817.86739981663	4206.549133067741
246817.86739981663	4206.549133067741
toanvd
237561.83136243882	3762.124273452424
239884.15379663167	3751.3878961153246
241113.7394117975	3659.6514327318746
241113.7394117975	3659.6514327318746
toanvd
234185.3721022556	3577.693927715792
234852.78164844966	3555.6047001522616
228702.28659822335	3643.1202971068883
toanvd
220696.6424203198	3542.5600653738925
220696.6424203198	3542.5600653738925
224106.68853432717	3516.034761760099
toanvd
235026.19018107787	3909.1831770463073
235026.19018107787	3909.1831770463073
235026.19018107787	3909.1831770463073
235026.19018107787	3909.1831770463073
235026.19018107787	3909.1831770463073
235026.19018107787	3909.1831770463073
235026.19018107787	3909.1831770463073
235026.19018107787	3909.1831770463073
235026.19018107787	3909.1831770463073
235026.19018107787	3909.1831770463073
235026.19018107787	3909.1831770463073
235026.19018107787	3909.1831770463073
235026.19018107787	3909.1831770463073
235026.19018107787	3909.1831770463073
235026.19018107787	3909.1831770463073
235026.19018107787	3909.1831770463073
235026.19018107787	3909.1831770463073
235026.19018107787	3909.1831770463073
toanvd
237486.0942179754	3738.1695201213906
237486.0942179754	3738.1695201213906
237486.0942179754	3738.1695201213906
237486.0942179754	3738.1695201213906
237486.0942179754	3738.1695201213906
237486.0942179754	3738.1695201213906
toanvd
230907.481659399	3571.3795018844776
230781.49464114668	3834.2765831060547
toanvd
230401.88518370822	3569.5114543968534
230401.88518370822	3569.5114543968534
230401.88518370822	3569.5114543968534
230401.88518370822	3569.5114543968534
230401.88518370822	3569.5114543968534
toanvd
237596.84154272452	3835.823789271184
237596.84154272452	3835.823789271184
237596.84154272452	3835.823789271184
237596.84154272452	3835.823789271184
237596.84154272452	3835.823789271184
237596.84154272452	3835.823789271184
237596.84154272452	3835.823789271184
237596.84154272452	3835.823789271184
237596.84154272452	3835.823789271184
237596.84154272452	3835.823789271184
237596.84154272452	3835.823789271184
237596.84154272452	3835.823789271184
237596.84154272452	3835.823789271184
237596.84154272452	3835.823789271184
237596.84154272452	3835.823789271184
237596.84154272452	3835.823789271184
237596.84154272452	3835.823789271184
237596.84154272452	3835.823789271184
237017.3525861153	3846.846354186709
toanvd
226966.55159345153	3791.960449836037
226966.55159345153	3791.960449836037
225443.3613344508	3795.014201998357
227181.1922040376	3666.57684734381
227181.1922040376	3666.57684734381
227181.1922040376	3666.57684734381
227181.1922040376	3666.57684734381
227181.1922040376	3666.57684734381
toanvd
220603.97636794092	3835.620710685599
220603.97636794092	3835.620710685599
220603.97636794092	3835.620710685599
224190.641211428	3752.225862296647
222941.11320390497	3813.9799131004315
toanvd
251018.04134158153	3705.0621119422167
237665.91512244559	3893.4905387005215
251018.04134158153	3705.0621119422167
235778.75207825194	3934.84173200722
toanvd
