221444.35740800117	3423.005369265707
219705.24691084493	3496.7207292237986
toanvd
230876.74231188043	3430.2032593189188
230876.74231188043	3430.2032593189188
230771.2303633545	3583.745886739882
toanvd
217855.82387231156	3418.793567848482
217855.82387231156	3418.793567848482
217855.82387231156	3418.793567848482
217855.82387231156	3418.793567848482
217855.82387231156	3418.793567848482
toanvd
218584.64919667167	3578.9426736877376
220355.30605765578	3387.4666328830185
220090.6629209116	3564.271791789687
218584.64919667167	3578.9426736877376
218584.64919667167	3578.9426736877376
220090.6629209116	3564.271791789687
220239.61919863182	3514.102445885435
toanvd
219709.88624223304	3083.2398577197005
219709.88624223304	3083.2398577197005
219709.88624223304	3083.2398577197005
219709.88624223304	3083.2398577197005
219401.21280078532	3281.3653833846797
219401.21280078532	3281.3653833846797
219401.21280078532	3281.3653833846797
219401.21280078532	3281.3653833846797
219401.21280078532	3281.3653833846797
219401.21280078532	3281.3653833846797
219401.21280078532	3281.3653833846797
toanvd
229712.4722196173	3734.5315227648216
229712.4722196173	3734.5315227648216
229712.4722196173	3734.5315227648216
229712.4722196173	3734.5315227648216
229712.4722196173	3734.5315227648216
229712.4722196173	3734.5315227648216
229712.4722196173	3734.5315227648216
231434.90069800377	3578.9426736877376
231434.90069800377	3578.9426736877376
toanvd
225374.35053798492	3252.202712922569
225374.35053798492	3252.202712922569
toanvd
222870.4944687672	3451.1713064461132
222870.4944687672	3451.1713064461132
222870.4944687672	3451.1713064461132
222870.4944687672	3451.1713064461132
222870.4944687672	3451.1713064461132
222870.4944687672	3451.1713064461132
222870.4944687672	3451.1713064461132
222870.4944687672	3451.1713064461132
222870.4944687672	3451.1713064461132
222870.4944687672	3451.1713064461132
221635.99096231197	3490.89993732459
toanvd
231994.53029200723	3365.2887190359893
231994.53029200723	3365.2887190359893
231994.53029200723	3365.2887190359893
231994.53029200723	3365.2887190359893
231994.53029200723	3365.2887190359893
231994.53029200723	3365.2887190359893
231994.53029200723	3365.2887190359893
231994.53029200723	3365.2887190359893
231994.53029200723	3365.2887190359893
231994.53029200723	3365.2887190359893
232231.0830257413	3364.2716801316096
232231.0830257413	3364.2716801316096
232231.0830257413	3364.2716801316096
toanvd
235933.66508495036	3751.3878961153246
235933.66508495036	3751.3878961153246
235933.66508495036	3751.3878961153246
235933.66508495036	3751.3878961153246
toanvd
229238.89878603956	3255.921127661708
toanvd
226333.20346657935	2991.5259649857016
226333.20346657935	2991.5259649857016
225272.89942204423	3064.6919718773925
toanvd
230245.0821798353	3166.930228808191
230211.22222485236	3190.419375065377
230211.22222485236	3190.419375065377
230211.22222485236	3190.419375065377
230211.22222485236	3190.419375065377
228487.70473129806	3197.7179054581507
230211.22222485236	3190.419375065377
230211.22222485236	3190.419375065377
230211.22222485236	3190.419375065377
230211.22222485236	3190.419375065377
230211.22222485236	3190.419375065377
230211.22222485236	3190.419375065377
230211.22222485236	3190.419375065377
230211.22222485236	3190.419375065377
230211.22222485236	3190.419375065377
230211.22222485236	3190.419375065377
230245.0821798353	3166.930228808191
230211.22222485236	3190.419375065377
230211.22222485236	3190.419375065377
230211.22222485236	3190.419375065377
230211.22222485236	3190.419375065377
230211.22222485236	3190.419375065377
230211.22222485236	3190.419375065377
230211.22222485236	3190.419375065377
230245.0821798353	3166.930228808191
230211.22222485236	3190.419375065377
230211.22222485236	3190.419375065377
230211.22222485236	3190.419375065377
230245.0821798353	3166.930228808191
toanvd
219597.14149355754	3223.351324769531
219597.14149355754	3223.351324769531
219597.14149355754	3223.351324769531
219597.14149355754	3223.351324769531
219597.14149355754	3223.351324769531
219597.14149355754	3223.351324769531
219597.14149355754	3223.351324769531
219218.9185520968	3264.6112356408953
219597.14149355754	3223.351324769531
219597.14149355754	3223.351324769531
219597.14149355754	3223.351324769531
219597.14149355754	3223.351324769531
219674.49778487708	3193.2592834231205
219674.49778487708	3193.2592834231205
219674.49778487708	3193.2592834231205
219674.49778487708	3193.2592834231205
toanvd
234096.85207673593	3608.8584465555286
234000.60996719063	3618.9923759064086
234000.60996719063	3618.9923759064086
233912.56347926948	3622.1989342262036
234144.16779415336	3281.3653833846797
234144.16779415336	3281.3653833846797
234175.86783377192	3252.202712922569
234175.86783377192	3252.202712922569
234175.86783377192	3252.202712922569
toanvd
225185.14006377012	3154.998942840876
225185.14006377012	3154.998942840876
225185.14006377012	3154.998942840876
222953.5123280018	3328.637922237001
222953.5123280018	3328.637922237001
223761.13363882422	3159.11499588946
223761.13363882422	3159.11499588946
toanvd
230905.4789513103	3199.633702502631
230905.4789513103	3199.633702502631
230905.4789513103	3199.633702502631
232531.07405296172	3122.0023281883177
230495.29587193456	3530.921452497414
toanvd
224211.05026118213	3519.9782021523747
224313.43055849496	3271.292248961423
224211.05026118213	3519.9782021523747
224313.43055849496	3271.292248961423
toanvd
224297.0524603282	3356.176003439787
224297.0524603282	3356.176003439787
224297.0524603282	3356.176003439787
toanvd
222145.55141095025	3430.007888646809
222145.55141095025	3430.007888646809
toanvd
230633.42202164442	3415.077071339486
230633.42202164442	3415.077071339486
toanvd
215382.0916647688	3481.5154927289527
215382.0916647688	3481.5154927289527
215382.0916647688	3481.5154927289527
215382.0916647688	3481.5154927289527
toanvd
223606.57770601826	3253.159989547811
223606.57770601826	3253.159989547811
223606.57770601826	3253.159989547811
223606.57770601826	3253.159989547811
223606.57770601826	3253.159989547811
223606.57770601826	3253.159989547811
223606.57770601826	3253.159989547811
223606.57770601826	3253.159989547811
223606.57770601826	3253.159989547811
223606.57770601826	3253.159989547811
223402.92593722808	3408.5459190865995
223606.57770601826	3253.159989547811
toanvd
218087.71312322278	3267.1881805916005
218087.71312322278	3267.1881805916005
218087.71312322278	3267.1881805916005
218087.71312322278	3267.1881805916005
218087.71312322278	3267.1881805916005
218087.71312322278	3267.1881805916005
218087.71312322278	3267.1881805916005
218087.71312322278	3267.1881805916005
218087.71312322278	3267.1881805916005
218087.71312322278	3267.1881805916005
218087.71312322278	3267.1881805916005
218087.71312322278	3267.1881805916005
218087.71312322278	3267.1881805916005
218087.71312322278	3267.1881805916005
218087.71312322278	3267.1881805916005
218087.71312322278	3267.1881805916005
218087.71312322278	3267.1881805916005
218087.71312322278	3267.1881805916005
218087.71312322278	3267.1881805916005
218087.71312322278	3267.1881805916005
218087.71312322278	3267.1881805916005
218087.71312322278	3267.1881805916005
218087.71312322278	3267.1881805916005
218087.71312322278	3267.1881805916005
218087.71312322278	3267.1881805916005
218087.71312322278	3267.1881805916005
218087.71312322278	3267.1881805916005
218087.71312322278	3267.1881805916005
toanvd
223206.40927951585	3474.626091966611
223206.40927951585	3474.626091966611
223206.40927951585	3474.626091966611
223206.40927951585	3474.626091966611
223206.40927951585	3474.626091966611
223206.40927951585	3474.626091966611
223206.40927951585	3474.626091966611
223206.40927951585	3474.626091966611
223206.40927951585	3474.626091966611
223206.40927951585	3474.626091966611
223206.40927951585	3474.626091966611
223206.40927951585	3474.626091966611
223206.40927951585	3474.626091966611
222583.9714668088	3479.784138293559
223206.40927951585	3474.626091966611
223206.40927951585	3474.626091966611
223206.40927951585	3474.626091966611
223206.40927951585	3474.626091966611
223206.40927951585	3474.626091966611
223206.40927951585	3474.626091966611
223206.40927951585	3474.626091966611
222583.9714668088	3479.784138293559
223206.40927951585	3474.626091966611
223206.40927951585	3474.626091966611
223206.40927951585	3474.626091966611
223206.40927951585	3474.626091966611
223206.40927951585	3474.626091966611
223206.40927951585	3474.626091966611
222583.9714668088	3479.784138293559
223206.40927951585	3474.626091966611
223206.40927951585	3474.626091966611
223206.40927951585	3474.626091966611
223206.40927951585	3474.626091966611
223206.40927951585	3474.626091966611
223206.40927951585	3474.626091966611
223206.40927951585	3474.626091966611
223206.40927951585	3474.626091966611
223206.40927951585	3474.626091966611
223206.40927951585	3474.626091966611
223206.40927951585	3474.626091966611
223206.40927951585	3474.626091966611
223206.40927951585	3474.626091966611
223206.40927951585	3474.626091966611
223206.40927951585	3474.626091966611
toanvd
226087.77021308156	3627.3539368863217
226388.68874597238	3478.142126828482
226087.77021308156	3627.3539368863217
226087.77021308156	3627.3539368863217
226021.3043312753	3762.8578829591497
226087.77021308156	3627.3539368863217
226087.77021308156	3627.3539368863217
226087.77021308156	3627.3539368863217
226388.68874597238	3478.142126828482
226087.77021308156	3627.3539368863217
226087.77021308156	3627.3539368863217
226087.77021308156	3627.3539368863217
226087.77021308156	3627.3539368863217
226021.3043312753	3762.8578829591497
226388.68874597238	3478.142126828482
226021.3043312753	3762.8578829591497
226021.3043312753	3762.8578829591497
226087.77021308156	3627.3539368863217
226087.77021308156	3627.3539368863217
226021.3043312753	3762.8578829591497
226388.68874597238	3478.142126828482
226087.77021308156	3627.3539368863217
226087.77021308156	3627.3539368863217
226021.3043312753	3762.8578829591497
toanvd
217377.36292607986	3416.775010827929
217377.36292607986	3416.775010827929
toanvd
223793.29034344148	3390.143233804766
224308.51406666174	3369.5109451667895
toanvd
234251.55940675442	3617.186268493204
228417.56643276493	3870.5338551157206
228417.56643276493	3870.5338551157206
228417.56643276493	3870.5338551157206
229527.90416424256	3666.57684734381
229527.90416424256	3666.57684734381
229527.90416424256	3666.57684734381
toanvd
224720.97750030755	3555.8868174964555
221749.3774955748	3640.00021038894
222605.02567510205	3617.186268493204
222605.02567510205	3617.186268493204
222605.02567510205	3617.186268493204
toanvd
227054.64598815632	3190.419375065377
224160.22301365394	3534.3711734932217
224363.9558258832	3196.035394294182
224363.9558258832	3196.035394294182
224363.9558258832	3196.035394294182
224363.9558258832	3196.035394294182
224363.9558258832	3196.035394294182
224363.9558258832	3196.035394294182
224363.9558258832	3196.035394294182
224363.9558258832	3196.035394294182
224363.9558258832	3196.035394294182
224363.9558258832	3196.035394294182
224363.9558258832	3196.035394294182
224363.9558258832	3196.035394294182
224363.9558258832	3196.035394294182
224363.9558258832	3196.035394294182
224363.9558258832	3196.035394294182
224363.9558258832	3196.035394294182
224363.9558258832	3196.035394294182
toanvd
225303.37547600304	3260.4679099519094
225303.37547600304	3260.4679099519094
225303.37547600304	3260.4679099519094
225303.37547600304	3260.4679099519094
225303.37547600304	3260.4679099519094
225303.37547600304	3260.4679099519094
toanvd
233965.9769930978	3680.6187216444164
233965.9769930978	3680.6187216444164
233965.9769930978	3680.6187216444164
233965.9769930978	3680.6187216444164
233965.9769930978	3680.6187216444164
233965.9769930978	3680.6187216444164
233965.9769930978	3680.6187216444164
233965.9769930978	3680.6187216444164
233965.9769930978	3680.6187216444164
233965.9769930978	3680.6187216444164
233965.9769930978	3680.6187216444164
233965.9769930978	3680.6187216444164
233965.9769930978	3680.6187216444164
233965.9769930978	3680.6187216444164
233965.9769930978	3680.6187216444164
233965.9769930978	3680.6187216444164
233965.9769930978	3680.6187216444164
233965.9769930978	3680.6187216444164
233965.9769930978	3680.6187216444164
233965.9769930978	3680.6187216444164
233965.9769930978	3680.6187216444164
233965.9769930978	3680.6187216444164
233965.9769930978	3680.6187216444164
233965.9769930978	3680.6187216444164
233965.9769930978	3680.6187216444164
236780.80332360408	3545.804647153499
236780.80332360408	3545.804647153499
233965.9769930978	3680.6187216444164
233965.9769930978	3680.6187216444164
233965.9769930978	3680.6187216444164
233965.9769930978	3680.6187216444164
233965.9769930978	3680.6187216444164
233965.9769930978	3680.6187216444164
233965.9769930978	3680.6187216444164
233965.9769930978	3680.6187216444164
233965.9769930978	3680.6187216444164
233965.9769930978	3680.6187216444164
233965.9769930978	3680.6187216444164
233965.9769930978	3680.6187216444164
236780.80332360408	3545.804647153499
236780.80332360408	3545.804647153499
236780.80332360408	3545.804647153499
toanvd
228209.12725321186	3210.392912637459
228209.12725321186	3210.392912637459
228209.12725321186	3210.392912637459
228209.12725321186	3210.392912637459
228209.12725321186	3210.392912637459
228209.12725321186	3210.392912637459
228209.12725321186	3210.392912637459
228209.12725321186	3210.392912637459
toanvd
214508.80409671203	3152.384435117107
214508.80409671203	3152.384435117107
toanvd
224809.74737812235	3326.8290098363777
toanvd
222622.9905754597	3426.8101021584957
toanvd
222773.86615846094	3910.9165639261155
222773.86615846094	3910.9165639261155
222773.86615846094	3910.9165639261155
222773.86615846094	3910.9165639261155
232094.7975485034	3655.151332672428
232094.7975485034	3655.151332672428
222773.86615846094	3910.9165639261155
222773.86615846094	3910.9165639261155
219633.62711385897	3938.98614979523
219633.62711385897	3938.98614979523
toanvd
237632.7682905635	3369.9812039696235
236626.73958808713	3544.141880866032
236626.73958808713	3544.141880866032
toanvd
222926.87075448447	3328.637922237001
222926.87075448447	3328.637922237001
222926.87075448447	3328.637922237001
222926.87075448447	3328.637922237001
toanvd
222280.655718153	3370.04562862656
toanvd
232162.55609368192	3469.595712821165
232162.55609368192	3469.595712821165
232162.55609368192	3469.595712821165
toanvd
228382.6110382502	3644.7858733326757
230121.97799779277	3258.2470400452357
230121.97799779277	3258.2470400452357
230121.97799779277	3258.2470400452357
230121.97799779277	3258.2470400452357
230121.97799779277	3258.2470400452357
230121.97799779277	3258.2470400452357
230121.97799779277	3258.2470400452357
toanvd
231003.82210733846	3677.218839767882
231003.82210733846	3677.218839767882
231003.82210733846	3677.218839767882
231003.82210733846	3677.218839767882
231003.82210733846	3677.218839767882
231003.82210733846	3677.218839767882
231003.82210733846	3677.218839767882
231003.82210733846	3677.218839767882
231003.82210733846	3677.218839767882
231003.82210733846	3677.218839767882
231003.82210733846	3677.218839767882
231003.82210733846	3677.218839767882
231003.82210733846	3677.218839767882
231003.82210733846	3677.218839767882
231003.82210733846	3677.218839767882
230953.49594897983	3783.035103744359
231003.82210733846	3677.218839767882
231003.82210733846	3677.218839767882
231003.82210733846	3677.218839767882
231003.82210733846	3677.218839767882
231003.82210733846	3677.218839767882
231003.82210733846	3677.218839767882
231003.82210733846	3677.218839767882
231003.82210733846	3677.218839767882
230953.49594897983	3783.035103744359
231003.82210733846	3677.218839767882
231003.82210733846	3677.218839767882
231003.82210733846	3677.218839767882
231003.82210733846	3677.218839767882
231003.82210733846	3677.218839767882
231003.82210733846	3677.218839767882
231003.82210733846	3677.218839767882
231003.82210733846	3677.218839767882
231003.82210733846	3677.218839767882
231003.82210733846	3677.218839767882
231003.82210733846	3677.218839767882
231003.82210733846	3677.218839767882
231003.82210733846	3677.218839767882
231003.82210733846	3677.218839767882
230953.49594897983	3783.035103744359
231003.82210733846	3677.218839767882
231003.82210733846	3677.218839767882
231003.82210733846	3677.218839767882
230953.49594897983	3783.035103744359
231003.82210733846	3677.218839767882
231003.82210733846	3677.218839767882
231003.82210733846	3677.218839767882
231003.82210733846	3677.218839767882
231003.82210733846	3677.218839767882
231003.82210733846	3677.218839767882
231003.82210733846	3677.218839767882
231003.82210733846	3677.218839767882
231003.82210733846	3677.218839767882
231003.82210733846	3677.218839767882
231003.82210733846	3677.218839767882
231003.82210733846	3677.218839767882
231003.82210733846	3677.218839767882
231003.82210733846	3677.218839767882
231003.82210733846	3677.218839767882
231003.82210733846	3677.218839767882
231003.82210733846	3677.218839767882
231003.82210733846	3677.218839767882
231003.82210733846	3677.218839767882
231003.82210733846	3677.218839767882
231003.82210733846	3677.218839767882
231003.82210733846	3677.218839767882
231003.82210733846	3677.218839767882
231003.82210733846	3677.218839767882
231003.82210733846	3677.218839767882
231003.82210733846	3677.218839767882
231003.82210733846	3677.218839767882
231003.82210733846	3677.218839767882
231003.82210733846	3677.218839767882
231003.82210733846	3677.218839767882
231003.82210733846	3677.218839767882
231003.82210733846	3677.218839767882
231003.82210733846	3677.218839767882
231003.82210733846	3677.218839767882
231003.82210733846	3677.218839767882
231003.82210733846	3677.218839767882
231003.82210733846	3677.218839767882
231003.82210733846	3677.218839767882
231003.82210733846	3677.218839767882
231003.82210733846	3677.218839767882
231003.82210733846	3677.218839767882
231003.82210733846	3677.218839767882
231003.82210733846	3677.218839767882
231003.82210733846	3677.218839767882
231003.82210733846	3677.218839767882
230064.90811929817	4090.935994668008
230064.90811929817	4090.935994668008
230064.90811929817	4090.935994668008
230064.90811929817	4090.935994668008
230064.90811929817	4090.935994668008
230064.90811929817	4090.935994668008
230064.90811929817	4090.935994668008
toanvd
224762.58560381245	3500.4971975700023
223710.15586680576	3577.0323577466484
223710.15586680576	3577.0323577466484
223710.15586680576	3577.0323577466484
223710.15586680576	3577.0323577466484
223710.15586680576	3577.0323577466484
223710.15586680576	3577.0323577466484
223710.15586680576	3577.0323577466484
223710.15586680576	3577.0323577466484
toanvd
225419.32096045886	3369.9320215850107
225419.32096045886	3369.9320215850107
225419.32096045886	3369.9320215850107
toanvd
222270.303277981	3468.925299772975
222876.89648537754	3408.5459190865995
222876.89648537754	3408.5459190865995
222876.89648537754	3408.5459190865995
222876.89648537754	3408.5459190865995
222876.89648537754	3408.5459190865995
222876.89648537754	3408.5459190865995
222876.89648537754	3408.5459190865995
222876.89648537754	3408.5459190865995
toanvd
229242.31505001942	3281.0220392317133
227078.8024348432	3427.8628638415466
227078.8024348432	3427.8628638415466
229339.0604230251	3276.5342285575202
toanvd
231197.82921393035	4035.5903834788173
231197.82921393035	4035.5903834788173
231197.82921393035	4035.5903834788173
231197.82921393035	4035.5903834788173
234023.17964370496	3487.468469134411
231197.82921393035	4035.5903834788173
231197.82921393035	4035.5903834788173
234023.17964370496	3487.468469134411
231197.82921393035	4035.5903834788173
234023.17964370496	3487.468469134411
234023.17964370496	3487.468469134411
231197.82921393035	4035.5903834788173
234023.17964370496	3487.468469134411
231197.82921393035	4035.5903834788173
231197.82921393035	4035.5903834788173
234023.17964370496	3487.468469134411
231197.82921393035	4035.5903834788173
234023.17964370496	3487.468469134411
234023.17964370496	3487.468469134411
234023.17964370496	3487.468469134411
231197.82921393035	4035.5903834788173
234023.17964370496	3487.468469134411
231197.82921393035	4035.5903834788173
234023.17964370496	3487.468469134411
231197.82921393035	4035.5903834788173
234023.17964370496	3487.468469134411
234023.17964370496	3487.468469134411
234023.17964370496	3487.468469134411
toanvd
237113.28040320586	3277.497283180451
237012.62518272494	3642.6846679967966
237012.62518272494	3642.6846679967966
237012.62518272494	3642.6846679967966
237012.62518272494	3642.6846679967966
237012.62518272494	3642.6846679967966
237012.62518272494	3642.6846679967966
237012.62518272494	3642.6846679967966
237012.62518272494	3642.6846679967966
237012.62518272494	3642.6846679967966
237012.62518272494	3642.6846679967966
237012.62518272494	3642.6846679967966
237012.62518272494	3642.6846679967966
232990.05426094675	3722.145012457571
232990.05426094675	3722.145012457571
232630.81872994965	3727.8537320957007
toanvd
223220.78351208934	3496.6109792547227
223220.78351208934	3496.6109792547227
223220.78351208934	3496.6109792547227
223220.78351208934	3496.6109792547227
223220.78351208934	3496.6109792547227
223220.78351208934	3496.6109792547227
223220.78351208934	3496.6109792547227
224256.39588049194	3387.4666328830185
223281.03191598298	3428.637641174131
223220.78351208934	3496.6109792547227
223220.78351208934	3496.6109792547227
223220.78351208934	3496.6109792547227
223220.78351208934	3496.6109792547227
224256.39588049194	3387.4666328830185
223220.78351208934	3496.6109792547227
223220.78351208934	3496.6109792547227
223220.78351208934	3496.6109792547227
223220.78351208934	3496.6109792547227
223220.78351208934	3496.6109792547227
223220.78351208934	3496.6109792547227
223220.78351208934	3496.6109792547227
223220.78351208934	3496.6109792547227
223220.78351208934	3496.6109792547227
223220.78351208934	3496.6109792547227
223281.03191598298	3428.637641174131
223220.78351208934	3496.6109792547227
223220.78351208934	3496.6109792547227
223220.78351208934	3496.6109792547227
223220.78351208934	3496.6109792547227
223324.87634792563	3424.6054556415147
223324.87634792563	3424.6054556415147
223324.87634792563	3424.6054556415147
223324.87634792563	3424.6054556415147
223324.87634792563	3424.6054556415147
223324.87634792563	3424.6054556415147
223324.87634792563	3424.6054556415147
223324.87634792563	3424.6054556415147
toanvd
232884.8228630512	3128.048275045168
232884.8228630512	3128.048275045168
232884.8228630512	3128.048275045168
232884.8228630512	3128.048275045168
232884.8228630512	3128.048275045168
230011.02588570627	3139.493216682717
232884.8228630512	3128.048275045168
232884.8228630512	3128.048275045168
232884.8228630512	3128.048275045168
232884.8228630512	3128.048275045168
232884.8228630512	3128.048275045168
toanvd
230718.414171914	3359.3182026331333
230718.414171914	3359.3182026331333
230718.414171914	3359.3182026331333
230718.414171914	3359.3182026331333
230718.414171914	3359.3182026331333
230718.414171914	3359.3182026331333
230718.414171914	3359.3182026331333
229040.99318835407	3450.188756533667
230718.414171914	3359.3182026331333
toanvd
219721.16848866225	3490.89993732459
219488.7168710889	3533.9939376568773
219488.7168710889	3533.9939376568773
219488.7168710889	3533.9939376568773
219488.7168710889	3533.9939376568773
219488.7168710889	3533.9939376568773
219488.7168710889	3533.9939376568773
219488.7168710889	3533.9939376568773
221301.15175489566	3207.604589275873
toanvd
219305.47241863303	3369.804950254373
219305.47241863303	3369.804950254373
toanvd
223270.00560431747	3420.4616175414476
223270.00560431747	3420.4616175414476
223270.00560431747	3420.4616175414476
223270.00560431747	3420.4616175414476
223270.00560431747	3420.4616175414476
223270.00560431747	3420.4616175414476
222143.603073739	3524.3845062849064
toanvd
228088.31490674688	3196.431251133842
226529.02559038924	3203.674170891176
toanvd
228234.10025663866	3476.4380168805246
228234.10025663866	3476.4380168805246
228234.10025663866	3476.4380168805246
228234.10025663866	3476.4380168805246
228234.10025663866	3476.4380168805246
228234.10025663866	3476.4380168805246
228234.10025663866	3476.4380168805246
228234.10025663866	3476.4380168805246
228234.10025663866	3476.4380168805246
228010.54277824433	3487.0734141471553
228010.54277824433	3487.0734141471553
toanvd
226697.75757102968	3748.3035895916446
226697.75757102968	3748.3035895916446
226697.75757102968	3748.3035895916446
226697.75757102968	3748.3035895916446
226697.75757102968	3748.3035895916446
226697.75757102968	3748.3035895916446
227788.03172609655	3561.6421595072566
227788.03172609655	3561.6421595072566
227788.03172609655	3561.6421595072566
227788.03172609655	3561.6421595072566
227788.03172609655	3561.6421595072566
227788.03172609655	3561.6421595072566
227788.03172609655	3561.6421595072566
227788.03172609655	3561.6421595072566
227788.03172609655	3561.6421595072566
227788.03172609655	3561.6421595072566
227788.03172609655	3561.6421595072566
227788.03172609655	3561.6421595072566
227788.03172609655	3561.6421595072566
227788.03172609655	3561.6421595072566
227788.03172609655	3561.6421595072566
227788.03172609655	3561.6421595072566
227788.03172609655	3561.6421595072566
toanvd
223921.4630351659	3255.8486655762244
223921.4630351659	3255.8486655762244
223921.4630351659	3255.8486655762244
223921.4630351659	3255.8486655762244
223921.4630351659	3255.8486655762244
223921.4630351659	3255.8486655762244
223921.4630351659	3255.8486655762244
223921.4630351659	3255.8486655762244
223921.4630351659	3255.8486655762244
223921.4630351659	3255.8486655762244
223921.4630351659	3255.8486655762244
toanvd
223604.26986233037	3214.3363996072744
toanvd
222816.3192818835	3302.14658076519
222816.3192818835	3302.14658076519
222816.3192818835	3302.14658076519
222816.3192818835	3302.14658076519
222816.3192818835	3302.14658076519
222816.3192818835	3302.14658076519
222816.3192818835	3302.14658076519
222816.3192818835	3302.14658076519
222816.3192818835	3302.14658076519
222816.3192818835	3302.14658076519
222816.3192818835	3302.14658076519
toanvd
