214574.34618213825	3152.384435117107
214574.34618213825	3152.384435117107
toanvd
218602.76123931183	3276.5342285575202
toanvd
221474.42120093564	3088.0131464555247
221474.42120093564	3088.0131464555247
221474.42120093564	3088.0131464555247
toanvd
219771.51587829101	3343.086482188506
221546.14170480825	3210.618674626283
221546.14170480825	3210.618674626283
221546.14170480825	3210.618674626283
221546.14170480825	3210.618674626283
toanvd
226553.52646670918	3097.365538283117
226553.52646670918	3097.365538283117
226553.52646670918	3097.365538283117
toanvd
221441.69926757916	3361.5894888382813
221441.69926757916	3361.5894888382813
221441.69926757916	3361.5894888382813
221441.69926757916	3361.5894888382813
221441.69926757916	3361.5894888382813
221441.69926757916	3361.5894888382813
221441.69926757916	3361.5894888382813
221441.69926757916	3361.5894888382813
220058.70650781525	3409.0295415158143
220058.70650781525	3409.0295415158143
221877.38804397543	3335.816124411447
221877.38804397543	3335.816124411447
toanvd
226430.80213579244	3295.597076832237
226206.4148208897	3302.421709838542
toanvd
223193.923431637	4002.681815093195
223193.923431637	4002.681815093195
223193.923431637	4002.681815093195
223193.923431637	4002.681815093195
223193.923431637	4002.681815093195
223193.923431637	4002.681815093195
223193.923431637	4002.681815093195
223193.923431637	4002.681815093195
223193.923431637	4002.681815093195
223193.923431637	4002.681815093195
223193.923431637	4002.681815093195
223193.923431637	4002.681815093195
223193.923431637	4002.681815093195
223193.923431637	4002.681815093195
223193.923431637	4002.681815093195
223193.923431637	4002.681815093195
223193.923431637	4002.681815093195
223193.923431637	4002.681815093195
223193.923431637	4002.681815093195
223193.923431637	4002.681815093195
223193.923431637	4002.681815093195
223193.923431637	4002.681815093195
223193.923431637	4002.681815093195
223193.923431637	4002.681815093195
223193.923431637	4002.681815093195
223193.923431637	4002.681815093195
223193.923431637	4002.681815093195
223193.923431637	4002.681815093195
223193.923431637	4002.681815093195
223193.923431637	4002.681815093195
223193.923431637	4002.681815093195
223193.923431637	4002.681815093195
223193.923431637	4002.681815093195
223193.923431637	4002.681815093195
223193.923431637	4002.681815093195
223193.923431637	4002.681815093195
223193.923431637	4002.681815093195
223193.923431637	4002.681815093195
223193.923431637	4002.681815093195
226601.0047042119	3263.2687344609844
223193.923431637	4002.681815093195
223193.923431637	4002.681815093195
223193.923431637	4002.681815093195
223193.923431637	4002.681815093195
223193.923431637	4002.681815093195
223193.923431637	4002.681815093195
223193.923431637	4002.681815093195
223193.923431637	4002.681815093195
223193.923431637	4002.681815093195
226601.0047042119	3263.2687344609844
224037.38215789245	3857.349160852089
224037.38215789245	3857.349160852089
224037.38215789245	3857.349160852089
toanvd
225196.67715197903	3252.202712922569
225196.67715197903	3252.202712922569
225196.67715197903	3252.202712922569
223408.383514528	3308.0804734669796
225196.67715197903	3252.202712922569
225196.67715197903	3252.202712922569
225196.67715197903	3252.202712922569
225196.67715197903	3252.202712922569
223408.383514528	3308.0804734669796
225196.67715197903	3252.202712922569
225196.67715197903	3252.202712922569
toanvd
219310.74300572244	2864.105883462866
219310.74300572244	2864.105883462866
toanvd
218274.3073700408	3207.9064082835653
toanvd
217144.18671629048	2975.5281395804177
toanvd
231822.29223309585	3647.2565712370792
230051.6576758142	3683.7528502522873
230051.6576758142	3683.7528502522873
230051.6576758142	3683.7528502522873
229640.84836176987	3684.561383817523
toanvd
217099.31352635805	3190.9240548386942
217099.31352635805	3190.9240548386942
214555.29823226284	3407.1446745129
toanvd
219028.6325262388	3380.255888306254
219028.6325262388	3380.255888306254
219028.6325262388	3380.255888306254
219028.6325262388	3380.255888306254
218284.389089198	3476.374979325501
toanvd
212725.50486774108	3168.7275794619886
212725.50486774108	3168.7275794619886
212725.50486774108	3168.7275794619886
214759.38200260274	3166.930228808191
214759.38200260274	3166.930228808191
214759.38200260274	3166.930228808191
toanvd
223510.09431832057	3477.463157789607
234860.15392324066	3454.25500206745
222821.99234126153	3517.5660918794133
222818.59950241723	3661.9853068631883
222818.59950241723	3661.9853068631883
222818.59950241723	3661.9853068631883
222818.59950241723	3661.9853068631883
222818.59950241723	3661.9853068631883
222818.59950241723	3661.9853068631883
222818.59950241723	3661.9853068631883
222818.59950241723	3661.9853068631883
222818.59950241723	3661.9853068631883
222818.59950241723	3661.9853068631883
222818.59950241723	3661.9853068631883
222818.59950241723	3661.9853068631883
222818.59950241723	3661.9853068631883
222818.59950241723	3661.9853068631883
222818.59950241723	3661.9853068631883
222818.59950241723	3661.9853068631883
222818.59950241723	3661.9853068631883
222818.59950241723	3661.9853068631883
222818.59950241723	3661.9853068631883
222818.59950241723	3661.9853068631883
222818.59950241723	3661.9853068631883
222818.59950241723	3661.9853068631883
222818.59950241723	3661.9853068631883
222818.59950241723	3661.9853068631883
222818.59950241723	3661.9853068631883
222818.59950241723	3661.9853068631883
222818.59950241723	3661.9853068631883
222818.59950241723	3661.9853068631883
222818.59950241723	3661.9853068631883
222818.59950241723	3661.9853068631883
222818.59950241723	3661.9853068631883
222818.59950241723	3661.9853068631883
222818.59950241723	3661.9853068631883
222818.59950241723	3661.9853068631883
222818.59950241723	3661.9853068631883
222818.59950241723	3661.9853068631883
222818.59950241723	3661.9853068631883
222818.59950241723	3661.9853068631883
222818.59950241723	3661.9853068631883
222818.59950241723	3661.9853068631883
222818.59950241723	3661.9853068631883
222818.59950241723	3661.9853068631883
222818.59950241723	3661.9853068631883
222818.59950241723	3661.9853068631883
222818.59950241723	3661.9853068631883
222818.59950241723	3661.9853068631883
222818.59950241723	3661.9853068631883
222818.59950241723	3661.9853068631883
222818.59950241723	3661.9853068631883
222818.59950241723	3661.9853068631883
222818.59950241723	3661.9853068631883
222818.59950241723	3661.9853068631883
222818.59950241723	3661.9853068631883
222818.59950241723	3661.9853068631883
222818.59950241723	3661.9853068631883
222818.59950241723	3661.9853068631883
222818.59950241723	3661.9853068631883
222818.59950241723	3661.9853068631883
222818.59950241723	3661.9853068631883
222818.59950241723	3661.9853068631883
222818.59950241723	3661.9853068631883
222818.59950241723	3661.9853068631883
222818.59950241723	3661.9853068631883
222818.59950241723	3661.9853068631883
222818.59950241723	3661.9853068631883
222818.59950241723	3661.9853068631883
222821.99234126153	3517.5660918794133
222818.59950241723	3661.9853068631883
222818.59950241723	3661.9853068631883
222818.59950241723	3661.9853068631883
222818.59950241723	3661.9853068631883
222818.59950241723	3661.9853068631883
222818.59950241723	3661.9853068631883
222821.99234126153	3517.5660918794133
222818.59950241723	3661.9853068631883
222818.59950241723	3661.9853068631883
222818.59950241723	3661.9853068631883
222818.59950241723	3661.9853068631883
222818.59950241723	3661.9853068631883
222818.59950241723	3661.9853068631883
222818.59950241723	3661.9853068631883
222818.59950241723	3661.9853068631883
222818.59950241723	3661.9853068631883
222818.59950241723	3661.9853068631883
222818.59950241723	3661.9853068631883
222818.59950241723	3661.9853068631883
222818.59950241723	3661.9853068631883
222818.59950241723	3661.9853068631883
222818.59950241723	3661.9853068631883
222818.59950241723	3661.9853068631883
222818.59950241723	3661.9853068631883
222818.59950241723	3661.9853068631883
222818.59950241723	3661.9853068631883
222818.59950241723	3661.9853068631883
222818.59950241723	3661.9853068631883
222818.59950241723	3661.9853068631883
222821.99234126153	3517.5660918794133
222818.59950241723	3661.9853068631883
222818.59950241723	3661.9853068631883
222818.59950241723	3661.9853068631883
222818.59950241723	3661.9853068631883
222818.59950241723	3661.9853068631883
222818.59950241723	3661.9853068631883
222818.59950241723	3661.9853068631883
222818.59950241723	3661.9853068631883
toanvd
216867.5031765782	3403.0191803411844
217056.65646644987	3252.202712922569
216867.5031765782	3403.0191803411844
216867.5031765782	3403.0191803411844
216867.5031765782	3403.0191803411844
217056.65646644987	3252.202712922569
216867.5031765782	3403.0191803411844
toanvd
221077.9979037537	3424.6054556415147
221077.9979037537	3424.6054556415147
toanvd
215591.69077938856	3477.333868946082
215591.69077938856	3477.333868946082
215591.69077938856	3477.333868946082
215591.69077938856	3477.333868946082
toanvd
231696.38837376994	3608.0490028425024
231696.38837376994	3608.0490028425024
231696.38837376994	3608.0490028425024
231696.38837376994	3608.0490028425024
231696.38837376994	3608.0490028425024
231696.38837376994	3608.0490028425024
231696.38837376994	3608.0490028425024
231696.38837376994	3608.0490028425024
231696.38837376994	3608.0490028425024
231696.38837376994	3608.0490028425024
231696.38837376994	3608.0490028425024
231696.38837376994	3608.0490028425024
231696.38837376994	3608.0490028425024
231696.38837376994	3608.0490028425024
231696.38837376994	3608.0490028425024
231696.38837376994	3608.0490028425024
231696.38837376994	3608.0490028425024
231696.38837376994	3608.0490028425024
231696.38837376994	3608.0490028425024
231696.38837376994	3608.0490028425024
231696.38837376994	3608.0490028425024
231696.38837376994	3608.0490028425024
231696.38837376994	3608.0490028425024
231696.38837376994	3608.0490028425024
231696.38837376994	3608.0490028425024
231696.38837376994	3608.0490028425024
231696.38837376994	3608.0490028425024
231696.38837376994	3608.0490028425024
231696.38837376994	3608.0490028425024
231696.38837376994	3608.0490028425024
231696.38837376994	3608.0490028425024
231696.38837376994	3608.0490028425024
231696.38837376994	3608.0490028425024
231696.38837376994	3608.0490028425024
231696.38837376994	3608.0490028425024
231696.38837376994	3608.0490028425024
231696.38837376994	3608.0490028425024
231696.38837376994	3608.0490028425024
231696.38837376994	3608.0490028425024
231696.38837376994	3608.0490028425024
231696.38837376994	3608.0490028425024
231696.38837376994	3608.0490028425024
231696.38837376994	3608.0490028425024
231696.38837376994	3608.0490028425024
231696.38837376994	3608.0490028425024
231696.38837376994	3608.0490028425024
231696.38837376994	3608.0490028425024
231696.38837376994	3608.0490028425024
231696.38837376994	3608.0490028425024
231696.38837376994	3608.0490028425024
231696.38837376994	3608.0490028425024
231696.38837376994	3608.0490028425024
231696.38837376994	3608.0490028425024
231696.38837376994	3608.0490028425024
231696.38837376994	3608.0490028425024
231696.38837376994	3608.0490028425024
231696.38837376994	3608.0490028425024
231696.38837376994	3608.0490028425024
231696.38837376994	3608.0490028425024
231696.38837376994	3608.0490028425024
231696.38837376994	3608.0490028425024
231696.38837376994	3608.0490028425024
231696.38837376994	3608.0490028425024
231696.38837376994	3608.0490028425024
231696.38837376994	3608.0490028425024
231696.38837376994	3608.0490028425024
231696.38837376994	3608.0490028425024
231696.38837376994	3608.0490028425024
231696.38837376994	3608.0490028425024
231696.38837376994	3608.0490028425024
231696.38837376994	3608.0490028425024
231696.38837376994	3608.0490028425024
231696.38837376994	3608.0490028425024
231696.38837376994	3608.0490028425024
231696.38837376994	3608.0490028425024
231696.38837376994	3608.0490028425024
231696.38837376994	3608.0490028425024
231696.38837376994	3608.0490028425024
231696.38837376994	3608.0490028425024
231696.38837376994	3608.0490028425024
231696.38837376994	3608.0490028425024
231696.38837376994	3608.0490028425024
231696.38837376994	3608.0490028425024
231696.38837376994	3608.0490028425024
231696.38837376994	3608.0490028425024
231696.38837376994	3608.0490028425024
231696.38837376994	3608.0490028425024
231696.38837376994	3608.0490028425024
231696.38837376994	3608.0490028425024
231696.38837376994	3608.0490028425024
231696.38837376994	3608.0490028425024
231696.38837376994	3608.0490028425024
231696.38837376994	3608.0490028425024
231696.38837376994	3608.0490028425024
231696.38837376994	3608.0490028425024
231696.38837376994	3608.0490028425024
231696.38837376994	3608.0490028425024
231696.38837376994	3608.0490028425024
231696.38837376994	3608.0490028425024
231696.38837376994	3608.0490028425024
231696.38837376994	3608.0490028425024
231696.38837376994	3608.0490028425024
231696.38837376994	3608.0490028425024
231696.38837376994	3608.0490028425024
231696.38837376994	3608.0490028425024
231696.38837376994	3608.0490028425024
231696.38837376994	3608.0490028425024
231696.38837376994	3608.0490028425024
231696.38837376994	3608.0490028425024
231696.38837376994	3608.0490028425024
231696.38837376994	3608.0490028425024
231696.38837376994	3608.0490028425024
231696.38837376994	3608.0490028425024
231696.38837376994	3608.0490028425024
231696.38837376994	3608.0490028425024
231696.38837376994	3608.0490028425024
231696.38837376994	3608.0490028425024
231696.38837376994	3608.0490028425024
231696.38837376994	3608.0490028425024
231696.38837376994	3608.0490028425024
231696.38837376994	3608.0490028425024
231696.38837376994	3608.0490028425024
231696.38837376994	3608.0490028425024
231696.38837376994	3608.0490028425024
231696.38837376994	3608.0490028425024
231696.38837376994	3608.0490028425024
231696.38837376994	3608.0490028425024
231696.38837376994	3608.0490028425024
231696.38837376994	3608.0490028425024
231696.38837376994	3608.0490028425024
231696.38837376994	3608.0490028425024
231696.38837376994	3608.0490028425024
231696.38837376994	3608.0490028425024
231696.38837376994	3608.0490028425024
231696.38837376994	3608.0490028425024
231696.38837376994	3608.0490028425024
231696.38837376994	3608.0490028425024
231696.38837376994	3608.0490028425024
231696.38837376994	3608.0490028425024
231696.38837376994	3608.0490028425024
231696.38837376994	3608.0490028425024
231696.38837376994	3608.0490028425024
231696.38837376994	3608.0490028425024
231696.38837376994	3608.0490028425024
231696.38837376994	3608.0490028425024
231696.38837376994	3608.0490028425024
231696.38837376994	3608.0490028425024
231696.38837376994	3608.0490028425024
231696.38837376994	3608.0490028425024
231696.38837376994	3608.0490028425024
231696.38837376994	3608.0490028425024
231696.38837376994	3608.0490028425024
231696.38837376994	3608.0490028425024
231696.38837376994	3608.0490028425024
231696.38837376994	3608.0490028425024
231696.38837376994	3608.0490028425024
231696.38837376994	3608.0490028425024
231696.38837376994	3608.0490028425024
231696.38837376994	3608.0490028425024
231696.38837376994	3608.0490028425024
231696.38837376994	3608.0490028425024
231696.38837376994	3608.0490028425024
231696.38837376994	3608.0490028425024
231696.38837376994	3608.0490028425024
231696.38837376994	3608.0490028425024
231696.38837376994	3608.0490028425024
231696.38837376994	3608.0490028425024
231696.38837376994	3608.0490028425024
231696.38837376994	3608.0490028425024
231696.38837376994	3608.0490028425024
231696.38837376994	3608.0490028425024
231696.38837376994	3608.0490028425024
231696.38837376994	3608.0490028425024
231696.38837376994	3608.0490028425024
231696.38837376994	3608.0490028425024
231696.38837376994	3608.0490028425024
231696.38837376994	3608.0490028425024
231696.38837376994	3608.0490028425024
231696.38837376994	3608.0490028425024
231696.38837376994	3608.0490028425024
231696.38837376994	3608.0490028425024
231696.38837376994	3608.0490028425024
231696.38837376994	3608.0490028425024
231696.38837376994	3608.0490028425024
231696.38837376994	3608.0490028425024
231696.38837376994	3608.0490028425024
231696.38837376994	3608.0490028425024
231696.38837376994	3608.0490028425024
231696.38837376994	3608.0490028425024
231696.38837376994	3608.0490028425024
231696.38837376994	3608.0490028425024
231696.38837376994	3608.0490028425024
231696.38837376994	3608.0490028425024
231696.38837376994	3608.0490028425024
231696.38837376994	3608.0490028425024
231696.38837376994	3608.0490028425024
231696.38837376994	3608.0490028425024
231696.38837376994	3608.0490028425024
231696.38837376994	3608.0490028425024
231696.38837376994	3608.0490028425024
toanvd
220898.84230162064	3175.8989782515623
220898.84230162064	3175.8989782515623
220898.84230162064	3175.8989782515623
220898.84230162064	3175.8989782515623
220898.84230162064	3175.8989782515623
220898.84230162064	3175.8989782515623
220898.84230162064	3175.8989782515623
220898.84230162064	3175.8989782515623
220898.84230162064	3175.8989782515623
220898.84230162064	3175.8989782515623
220898.84230162064	3175.8989782515623
220898.84230162064	3175.8989782515623
220898.84230162064	3175.8989782515623
220814.74247992237	3248.858103373496
220898.84230162064	3175.8989782515623
220814.74247992237	3248.858103373496
220814.74247992237	3248.858103373496
220814.74247992237	3248.858103373496
220898.84230162064	3175.8989782515623
220898.84230162064	3175.8989782515623
220898.84230162064	3175.8989782515623
220520.84042019575	3835.620710685599
220520.84042019575	3835.620710685599
220538.12395211073	3476.374979325501
220538.12395211073	3476.374979325501
220538.12395211073	3476.374979325501
220679.70167821166	3324.272134497308
220679.70167821166	3324.272134497308
220679.70167821166	3324.272134497308
220679.70167821166	3324.272134497308
220679.70167821166	3324.272134497308
220679.70167821166	3324.272134497308
220679.70167821166	3324.272134497308
220679.70167821166	3324.272134497308
220679.70167821166	3324.272134497308
220679.70167821166	3324.272134497308
220679.70167821166	3324.272134497308
220679.70167821166	3324.272134497308
220679.70167821166	3324.272134497308
220679.70167821166	3324.272134497308
220679.70167821166	3324.272134497308
220679.70167821166	3324.272134497308
220679.70167821166	3324.272134497308
220679.70167821166	3324.272134497308
220679.70167821166	3324.272134497308
220679.70167821166	3324.272134497308
220679.70167821166	3324.272134497308
220679.70167821166	3324.272134497308
220679.70167821166	3324.272134497308
220679.70167821166	3324.272134497308
220679.70167821166	3324.272134497308
220679.70167821166	3324.272134497308
toanvd
226761.556606779	3136.801886803216
226761.556606779	3136.801886803216
226761.556606779	3136.801886803216
226761.556606779	3136.801886803216
226761.556606779	3136.801886803216
226761.556606779	3136.801886803216
226761.556606779	3136.801886803216
toanvd
225122.8668601153	3459.637286422925
225122.8668601153	3459.637286422925
225122.8668601153	3459.637286422925
225122.8668601153	3459.637286422925
225122.8668601153	3459.637286422925
226754.9667949314	3353.255109001104
226615.0448497431	3384.2186731888974
226615.0448497431	3384.2186731888974
226615.0448497431	3384.2186731888974
226615.0448497431	3384.2186731888974
226615.0448497431	3384.2186731888974
226615.0448497431	3384.2186731888974
226615.0448497431	3384.2186731888974
226615.0448497431	3384.2186731888974
226615.0448497431	3384.2186731888974
226615.0448497431	3384.2186731888974
226615.0448497431	3384.2186731888974
226615.0448497431	3384.2186731888974
226615.0448497431	3384.2186731888974
226615.0448497431	3384.2186731888974
226615.0448497431	3384.2186731888974
226615.0448497431	3384.2186731888974
226615.0448497431	3384.2186731888974
226615.0448497431	3384.2186731888974
226615.0448497431	3384.2186731888974
226615.0448497431	3384.2186731888974
226754.9667949314	3353.255109001104
226754.9667949314	3353.255109001104
226615.0448497431	3384.2186731888974
226615.0448497431	3384.2186731888974
226615.0448497431	3384.2186731888974
226615.0448497431	3384.2186731888974
226615.0448497431	3384.2186731888974
226615.0448497431	3384.2186731888974
226615.0448497431	3384.2186731888974
226615.0448497431	3384.2186731888974
226615.0448497431	3384.2186731888974
226615.0448497431	3384.2186731888974
226615.0448497431	3384.2186731888974
226615.0448497431	3384.2186731888974
226615.0448497431	3384.2186731888974
226615.0448497431	3384.2186731888974
226615.0448497431	3384.2186731888974
226615.0448497431	3384.2186731888974
226615.0448497431	3384.2186731888974
226615.0448497431	3384.2186731888974
226615.0448497431	3384.2186731888974
226615.0448497431	3384.2186731888974
226615.0448497431	3384.2186731888974
226615.0448497431	3384.2186731888974
226615.0448497431	3384.2186731888974
226615.0448497431	3384.2186731888974
226615.0448497431	3384.2186731888974
226615.0448497431	3384.2186731888974
226615.0448497431	3384.2186731888974
226615.0448497431	3384.2186731888974
226615.0448497431	3384.2186731888974
226615.0448497431	3384.2186731888974
226615.0448497431	3384.2186731888974
224319.70369956255	3496.6109792547227
toanvd
213459.58323697452	3406.559787883143
213459.58323697452	3406.559787883143
toanvd
222800.15624465744	3253.9285230612127
222800.15624465744	3253.9285230612127
222800.15624465744	3253.9285230612127
222536.89569893305	3255.921127661708
222536.89569893305	3255.921127661708
222800.15624465744	3253.9285230612127
222800.15624465744	3253.9285230612127
222800.15624465744	3253.9285230612127
223141.75592730456	3133.2824154043637
toanvd
231182.02848178847	3163.642683830794
231182.02848178847	3163.642683830794
230216.49785917212	3231.738713768661
230216.49785917212	3231.738713768661
230216.49785917212	3231.738713768661
230216.49785917212	3231.738713768661
230216.49785917212	3231.738713768661
toanvd
213552.06331046118	3281.5001728806255
214247.68790833285	3278.578288149043
214247.68790833285	3278.578288149043
214247.68790833285	3278.578288149043
toanvd
231146.2866127981	3223.351324769531
231146.2866127981	3223.351324769531
231146.2866127981	3223.351324769531
231146.2866127981	3223.351324769531
231146.2866127981	3223.351324769531
231146.2866127981	3223.351324769531
231146.2866127981	3223.351324769531
231146.2866127981	3223.351324769531
231146.2866127981	3223.351324769531
231146.2866127981	3223.351324769531
229150.65970665534	3622.8700682925646
231146.2866127981	3223.351324769531
231146.2866127981	3223.351324769531
231146.2866127981	3223.351324769531
231146.2866127981	3223.351324769531
231146.2866127981	3223.351324769531
231146.2866127981	3223.351324769531
231146.2866127981	3223.351324769531
231146.2866127981	3223.351324769531
231146.2866127981	3223.351324769531
229150.65970665534	3622.8700682925646
231146.2866127981	3223.351324769531
229150.65970665534	3622.8700682925646
231146.2866127981	3223.351324769531
231146.2866127981	3223.351324769531
229150.65970665534	3622.8700682925646
231146.2866127981	3223.351324769531
231146.2866127981	3223.351324769531
231146.2866127981	3223.351324769531
231146.2866127981	3223.351324769531
229150.65970665534	3622.8700682925646
231146.2866127981	3223.351324769531
231146.2866127981	3223.351324769531
231146.2866127981	3223.351324769531
231146.2866127981	3223.351324769531
229150.65970665534	3622.8700682925646
231146.2866127981	3223.351324769531
229150.65970665534	3622.8700682925646
229150.65970665534	3622.8700682925646
231146.2866127981	3223.351324769531
231146.2866127981	3223.351324769531
231146.2866127981	3223.351324769531
231146.2866127981	3223.351324769531
231146.2866127981	3223.351324769531
229150.65970665534	3622.8700682925646
229150.65970665534	3622.8700682925646
229150.65970665534	3622.8700682925646
229150.65970665534	3622.8700682925646
231146.2866127981	3223.351324769531
231146.2866127981	3223.351324769531
229150.65970665534	3622.8700682925646
231146.2866127981	3223.351324769531
231146.2866127981	3223.351324769531
231146.2866127981	3223.351324769531
231146.2866127981	3223.351324769531
231146.2866127981	3223.351324769531
231146.2866127981	3223.351324769531
229150.65970665534	3622.8700682925646
229150.65970665534	3622.8700682925646
231146.2866127981	3223.351324769531
231146.2866127981	3223.351324769531
231146.2866127981	3223.351324769531
229150.65970665534	3622.8700682925646
231146.2866127981	3223.351324769531
231146.2866127981	3223.351324769531
229150.65970665534	3622.8700682925646
231146.2866127981	3223.351324769531
231146.2866127981	3223.351324769531
229150.65970665534	3622.8700682925646
231146.2866127981	3223.351324769531
229150.65970665534	3622.8700682925646
231146.2866127981	3223.351324769531
231146.2866127981	3223.351324769531
231146.2866127981	3223.351324769531
229150.65970665534	3622.8700682925646
229150.65970665534	3622.8700682925646
231146.2866127981	3223.351324769531
231146.2866127981	3223.351324769531
231146.2866127981	3223.351324769531
229150.65970665534	3622.8700682925646
231146.2866127981	3223.351324769531
229150.65970665534	3622.8700682925646
231146.2866127981	3223.351324769531
231146.2866127981	3223.351324769531
231146.2866127981	3223.351324769531
229150.65970665534	3622.8700682925646
231146.2866127981	3223.351324769531
231146.2866127981	3223.351324769531
229161.07740108986	3283.8345396986892
229150.65970665534	3622.8700682925646
231146.2866127981	3223.351324769531
229150.65970665534	3622.8700682925646
231146.2866127981	3223.351324769531
229150.65970665534	3622.8700682925646
231146.2866127981	3223.351324769531
231146.2866127981	3223.351324769531
231146.2866127981	3223.351324769531
231146.2866127981	3223.351324769531
231146.2866127981	3223.351324769531
231146.2866127981	3223.351324769531
231146.2866127981	3223.351324769531
229150.65970665534	3622.8700682925646
231146.2866127981	3223.351324769531
231146.2866127981	3223.351324769531
231146.2866127981	3223.351324769531
231146.2866127981	3223.351324769531
231146.2866127981	3223.351324769531
231146.2866127981	3223.351324769531
231146.2866127981	3223.351324769531
229150.65970665534	3622.8700682925646
231146.2866127981	3223.351324769531
231146.2866127981	3223.351324769531
231146.2866127981	3223.351324769531
231146.2866127981	3223.351324769531
231146.2866127981	3223.351324769531
231146.2866127981	3223.351324769531
231146.2866127981	3223.351324769531
231146.2866127981	3223.351324769531
231146.2866127981	3223.351324769531
231146.2866127981	3223.351324769531
231146.2866127981	3223.351324769531
231146.2866127981	3223.351324769531
229150.65970665534	3622.8700682925646
229150.65970665534	3622.8700682925646
229150.65970665534	3622.8700682925646
231146.2866127981	3223.351324769531
231146.2866127981	3223.351324769531
229150.65970665534	3622.8700682925646
231146.2866127981	3223.351324769531
229150.65970665534	3622.8700682925646
231146.2866127981	3223.351324769531
231146.2866127981	3223.351324769531
231146.2866127981	3223.351324769531
231146.2866127981	3223.351324769531
229150.65970665534	3622.8700682925646
231146.2866127981	3223.351324769531
231146.2866127981	3223.351324769531
231146.2866127981	3223.351324769531
231146.2866127981	3223.351324769531
231146.2866127981	3223.351324769531
229150.65970665534	3622.8700682925646
231146.2866127981	3223.351324769531
231146.2866127981	3223.351324769531
231146.2866127981	3223.351324769531
231146.2866127981	3223.351324769531
231146.2866127981	3223.351324769531
229150.65970665534	3622.8700682925646
231146.2866127981	3223.351324769531
231146.2866127981	3223.351324769531
231146.2866127981	3223.351324769531
231146.2866127981	3223.351324769531
231146.2866127981	3223.351324769531
231146.2866127981	3223.351324769531
231146.2866127981	3223.351324769531
231146.2866127981	3223.351324769531
231146.2866127981	3223.351324769531
231146.2866127981	3223.351324769531
231146.2866127981	3223.351324769531
229150.65970665534	3622.8700682925646
231146.2866127981	3223.351324769531
231146.2866127981	3223.351324769531
231146.2866127981	3223.351324769531
229150.65970665534	3622.8700682925646
231146.2866127981	3223.351324769531
231146.2866127981	3223.351324769531
231146.2866127981	3223.351324769531
231146.2866127981	3223.351324769531
231146.2866127981	3223.351324769531
231146.2866127981	3223.351324769531
231146.2866127981	3223.351324769531
231146.2866127981	3223.351324769531
231146.2866127981	3223.351324769531
229150.65970665534	3622.8700682925646
229150.65970665534	3622.8700682925646
231146.2866127981	3223.351324769531
231146.2866127981	3223.351324769531
231146.2866127981	3223.351324769531
231146.2866127981	3223.351324769531
231146.2866127981	3223.351324769531
231146.2866127981	3223.351324769531
231146.2866127981	3223.351324769531
233986.09451519675	3203.0268951122075
231146.2866127981	3223.351324769531
231146.2866127981	3223.351324769531
231146.2866127981	3223.351324769531
231146.2866127981	3223.351324769531
229150.65970665534	3622.8700682925646
231146.2866127981	3223.351324769531
229150.65970665534	3622.8700682925646
231146.2866127981	3223.351324769531
231146.2866127981	3223.351324769531
229150.65970665534	3622.8700682925646
229150.65970665534	3622.8700682925646
231146.2866127981	3223.351324769531
231146.2866127981	3223.351324769531
229150.65970665534	3622.8700682925646
231146.2866127981	3223.351324769531
229150.65970665534	3622.8700682925646
231146.2866127981	3223.351324769531
231146.2866127981	3223.351324769531
toanvd
221093.14842952744	3418.793567848482
221093.14842952744	3418.793567848482
221093.14842952744	3418.793567848482
221093.14842952744	3418.793567848482
221093.14842952744	3418.793567848482
221093.14842952744	3418.793567848482
221093.14842952744	3418.793567848482
221093.14842952744	3418.793567848482
221093.14842952744	3418.793567848482
221093.14842952744	3418.793567848482
221093.14842952744	3418.793567848482
221093.14842952744	3418.793567848482
221093.14842952744	3418.793567848482
221093.14842952744	3418.793567848482
221093.14842952744	3418.793567848482
221093.14842952744	3418.793567848482
221093.14842952744	3418.793567848482
221093.14842952744	3418.793567848482
221093.14842952744	3418.793567848482
221093.14842952744	3418.793567848482
221093.14842952744	3418.793567848482
221093.14842952744	3418.793567848482
toanvd
221414.99956499104	3369.5637397640176
toanvd
213657.64646765418	3514.637264646792
213657.64646765418	3514.637264646792
213657.64646765418	3514.637264646792
213657.64646765418	3514.637264646792
213657.64646765418	3514.637264646792
213657.64646765418	3514.637264646792
213657.64646765418	3514.637264646792
213657.64646765418	3514.637264646792
toanvd
214517.4430954595	3395.8230670490398
214517.4430954595	3395.8230670490398
toanvd
214207.8991244599	3277.6380788093384
214207.8991244599	3277.6380788093384
214207.8991244599	3277.6380788093384
toanvd
227029.54245543678	3560.8301008667663
227029.54245543678	3560.8301008667663
227029.54245543678	3560.8301008667663
227029.54245543678	3560.8301008667663
227029.54245543678	3560.8301008667663
227029.54245543678	3560.8301008667663
227029.54245543678	3560.8301008667663
227029.54245543678	3560.8301008667663
227029.54245543678	3560.8301008667663
227029.54245543678	3560.8301008667663
227029.54245543678	3560.8301008667663
227029.54245543678	3560.8301008667663
227029.54245543678	3560.8301008667663
227029.54245543678	3560.8301008667663
227029.54245543678	3560.8301008667663
227029.54245543678	3560.8301008667663
227029.54245543678	3560.8301008667663
227161.57676904378	3533.9939376568773
227029.54245543678	3560.8301008667663
227029.54245543678	3560.8301008667663
227029.54245543678	3560.8301008667663
227029.54245543678	3560.8301008667663
227029.54245543678	3560.8301008667663
227029.54245543678	3560.8301008667663
227029.54245543678	3560.8301008667663
227029.54245543678	3560.8301008667663
227029.54245543678	3560.8301008667663
228442.35959568477	3499.367434867655
227029.54245543678	3560.8301008667663
227029.54245543678	3560.8301008667663
228442.35959568477	3499.367434867655
toanvd
223014.8411923882	3330.7086614265577
222859.71197933468	3369.768981527131
222859.71197933468	3369.768981527131
223014.8411923882	3330.7086614265577
223889.38895547442	3328.637922237001
223014.8411923882	3330.7086614265577
222859.71197933468	3369.768981527131
223014.8411923882	3330.7086614265577
toanvd
224527.33322321333	3396.7137782047266
224527.33322321333	3396.7137782047266
224527.33322321333	3396.7137782047266
224527.33322321333	3396.7137782047266
224527.33322321333	3396.7137782047266
224527.33322321333	3396.7137782047266
224527.33322321333	3396.7137782047266
224527.33322321333	3396.7137782047266
224527.33322321333	3396.7137782047266
224527.33322321333	3396.7137782047266
224527.33322321333	3396.7137782047266
224527.33322321333	3396.7137782047266
224527.33322321333	3396.7137782047266
224527.33322321333	3396.7137782047266
224527.33322321333	3396.7137782047266
224527.33322321333	3396.7137782047266
224527.33322321333	3396.7137782047266
224527.33322321333	3396.7137782047266
224527.33322321333	3396.7137782047266
224527.33322321333	3396.7137782047266
224527.33322321333	3396.7137782047266
224527.33322321333	3396.7137782047266
224527.33322321333	3396.7137782047266
224527.33322321333	3396.7137782047266
224527.33322321333	3396.7137782047266
224527.33322321333	3396.7137782047266
224527.33322321333	3396.7137782047266
224527.33322321333	3396.7137782047266
224527.33322321333	3396.7137782047266
224527.33322321333	3396.7137782047266
224527.33322321333	3396.7137782047266
224527.33322321333	3396.7137782047266
224527.33322321333	3396.7137782047266
225051.86507215342	3186.846895596531
224527.33322321333	3396.7137782047266
224527.33322321333	3396.7137782047266
224527.33322321333	3396.7137782047266
224527.33322321333	3396.7137782047266
224527.33322321333	3396.7137782047266
224527.33322321333	3396.7137782047266
224527.33322321333	3396.7137782047266
224527.33322321333	3396.7137782047266
224527.33322321333	3396.7137782047266
224527.33322321333	3396.7137782047266
224527.33322321333	3396.7137782047266
224527.33322321333	3396.7137782047266
224527.33322321333	3396.7137782047266
224527.33322321333	3396.7137782047266
224527.33322321333	3396.7137782047266
224527.33322321333	3396.7137782047266
224527.33322321333	3396.7137782047266
224527.33322321333	3396.7137782047266
224527.33322321333	3396.7137782047266
224527.33322321333	3396.7137782047266
224527.33322321333	3396.7137782047266
224527.33322321333	3396.7137782047266
224527.33322321333	3396.7137782047266
225051.86507215342	3186.846895596531
224527.33322321333	3396.7137782047266
224527.33322321333	3396.7137782047266
224527.33322321333	3396.7137782047266
224527.33322321333	3396.7137782047266
224527.33322321333	3396.7137782047266
224527.33322321333	3396.7137782047266
224527.33322321333	3396.7137782047266
224527.33322321333	3396.7137782047266
224527.33322321333	3396.7137782047266
224527.33322321333	3396.7137782047266
224527.33322321333	3396.7137782047266
224527.33322321333	3396.7137782047266
224527.33322321333	3396.7137782047266
224527.33322321333	3396.7137782047266
224527.33322321333	3396.7137782047266
224527.33322321333	3396.7137782047266
224527.33322321333	3396.7137782047266
225051.86507215342	3186.846895596531
224527.33322321333	3396.7137782047266
224527.33322321333	3396.7137782047266
224527.33322321333	3396.7137782047266
224527.33322321333	3396.7137782047266
224527.33322321333	3396.7137782047266
224527.33322321333	3396.7137782047266
224527.33322321333	3396.7137782047266
225051.86507215342	3186.846895596531
224651.8737875936	3369.5109451667895
224527.33322321333	3396.7137782047266
224527.33322321333	3396.7137782047266
225051.86507215342	3186.846895596531
224527.33322321333	3396.7137782047266
224527.33322321333	3396.7137782047266
224527.33322321333	3396.7137782047266
224527.33322321333	3396.7137782047266
224527.33322321333	3396.7137782047266
224527.33322321333	3396.7137782047266
225051.86507215342	3186.846895596531
224527.33322321333	3396.7137782047266
224527.33322321333	3396.7137782047266
224527.33322321333	3396.7137782047266
224527.33322321333	3396.7137782047266
224527.33322321333	3396.7137782047266
224527.33322321333	3396.7137782047266
224527.33322321333	3396.7137782047266
225051.86507215342	3186.846895596531
224527.33322321333	3396.7137782047266
224527.33322321333	3396.7137782047266
224527.33322321333	3396.7137782047266
224527.33322321333	3396.7137782047266
224527.33322321333	3396.7137782047266
224527.33322321333	3396.7137782047266
225043.25751421985	3253.159989547811
224527.33322321333	3396.7137782047266
224527.33322321333	3396.7137782047266
224527.33322321333	3396.7137782047266
224527.33322321333	3396.7137782047266
224527.33322321333	3396.7137782047266
224527.33322321333	3396.7137782047266
224527.33322321333	3396.7137782047266
224527.33322321333	3396.7137782047266
224527.33322321333	3396.7137782047266
224527.33322321333	3396.7137782047266
224527.33322321333	3396.7137782047266
224527.33322321333	3396.7137782047266
225051.86507215342	3186.846895596531
224527.33322321333	3396.7137782047266
224527.33322321333	3396.7137782047266
224527.33322321333	3396.7137782047266
224527.33322321333	3396.7137782047266
224527.33322321333	3396.7137782047266
224527.33322321333	3396.7137782047266
224527.33322321333	3396.7137782047266
224527.33322321333	3396.7137782047266
224527.33322321333	3396.7137782047266
224527.33322321333	3396.7137782047266
224527.33322321333	3396.7137782047266
225051.86507215342	3186.846895596531
224527.33322321333	3396.7137782047266
224651.8737875936	3369.5109451667895
224527.33322321333	3396.7137782047266
224527.33322321333	3396.7137782047266
224527.33322321333	3396.7137782047266
224527.33322321333	3396.7137782047266
224527.33322321333	3396.7137782047266
224527.33322321333	3396.7137782047266
224527.33322321333	3396.7137782047266
224527.33322321333	3396.7137782047266
224651.8737875936	3369.5109451667895
224527.33322321333	3396.7137782047266
224527.33322321333	3396.7137782047266
224527.33322321333	3396.7137782047266
224527.33322321333	3396.7137782047266
224527.33322321333	3396.7137782047266
224527.33322321333	3396.7137782047266
224527.33322321333	3396.7137782047266
224527.33322321333	3396.7137782047266
224527.33322321333	3396.7137782047266
224527.33322321333	3396.7137782047266
224527.33322321333	3396.7137782047266
224527.33322321333	3396.7137782047266
224527.33322321333	3396.7137782047266
224527.33322321333	3396.7137782047266
224527.33322321333	3396.7137782047266
224527.33322321333	3396.7137782047266
224527.33322321333	3396.7137782047266
224527.33322321333	3396.7137782047266
224527.33322321333	3396.7137782047266
224527.33322321333	3396.7137782047266
224527.33322321333	3396.7137782047266
224527.33322321333	3396.7137782047266
224527.33322321333	3396.7137782047266
224527.33322321333	3396.7137782047266
225051.86507215342	3186.846895596531
224527.33322321333	3396.7137782047266
224527.33322321333	3396.7137782047266
224527.33322321333	3396.7137782047266
225051.86507215342	3186.846895596531
224527.33322321333	3396.7137782047266
224527.33322321333	3396.7137782047266
224527.33322321333	3396.7137782047266
224527.33322321333	3396.7137782047266
224527.33322321333	3396.7137782047266
224527.33322321333	3396.7137782047266
224527.33322321333	3396.7137782047266
224527.33322321333	3396.7137782047266
224527.33322321333	3396.7137782047266
224527.33322321333	3396.7137782047266
224527.33322321333	3396.7137782047266
224651.8737875936	3369.5109451667895
224527.33322321333	3396.7137782047266
224527.33322321333	3396.7137782047266
224527.33322321333	3396.7137782047266
224527.33322321333	3396.7137782047266
224527.33322321333	3396.7137782047266
224527.33322321333	3396.7137782047266
224527.33322321333	3396.7137782047266
224527.33322321333	3396.7137782047266
224527.33322321333	3396.7137782047266
224527.33322321333	3396.7137782047266
224527.33322321333	3396.7137782047266
224527.33322321333	3396.7137782047266
224527.33322321333	3396.7137782047266
toanvd
219693.9764317472	3252.202712922569
219693.9764317472	3252.202712922569
218064.42366627182	3253.368563571692
218064.42366627182	3253.368563571692
toanvd
216601.40513910534	3054.0742959182085
216601.40513910534	3054.0742959182085
216601.40513910534	3054.0742959182085
216601.40513910534	3054.0742959182085
216601.40513910534	3054.0742959182085
toanvd
228887.91973787453	3412.174084439561
227261.21587011236	3416.775010827929
toanvd
216066.00725305863	3234.21399749627
214118.02341207926	3271.292248961423
toanvd
226198.98922611828	3356.1651209614797
226198.98922611828	3356.1651209614797
toanvd
217315.43686114007	2998.0490307331834
217315.43686114007	2998.0490307331834
217252.8701369137	3253.9285230612127
217252.8701369137	3253.9285230612127
217252.8701369137	3253.9285230612127
217252.8701369137	3253.9285230612127
toanvd
213050.19037528057	3408.5459190865995
toanvd
216819.59631079325	3231.1735225025845
toanvd
217637.13638745196	3554.6435153711664
217637.13638745196	3554.6435153711664
217637.13638745196	3554.6435153711664
217637.13638745196	3554.6435153711664
217637.13638745196	3554.6435153711664
217637.13638745196	3554.6435153711664
217637.13638745196	3554.6435153711664
217683.22743479576	3476.374979325501
217637.13638745196	3554.6435153711664
217637.13638745196	3554.6435153711664
217637.13638745196	3554.6435153711664
217637.13638745196	3554.6435153711664
217637.13638745196	3554.6435153711664
217637.13638745196	3554.6435153711664
217637.13638745196	3554.6435153711664
217637.13638745196	3554.6435153711664
217637.13638745196	3554.6435153711664
217637.13638745196	3554.6435153711664
217637.13638745196	3554.6435153711664
217637.13638745196	3554.6435153711664
217637.13638745196	3554.6435153711664
217637.13638745196	3554.6435153711664
217637.13638745196	3554.6435153711664
217637.13638745196	3554.6435153711664
217637.13638745196	3554.6435153711664
217637.13638745196	3554.6435153711664
217637.13638745196	3554.6435153711664
217637.13638745196	3554.6435153711664
217637.13638745196	3554.6435153711664
217637.13638745196	3554.6435153711664
217637.13638745196	3554.6435153711664
217637.13638745196	3554.6435153711664
217637.13638745196	3554.6435153711664
217637.13638745196	3554.6435153711664
217637.13638745196	3554.6435153711664
217637.13638745196	3554.6435153711664
217637.13638745196	3554.6435153711664
217637.13638745196	3554.6435153711664
217637.13638745196	3554.6435153711664
217637.13638745196	3554.6435153711664
217637.13638745196	3554.6435153711664
217637.13638745196	3554.6435153711664
217637.13638745196	3554.6435153711664
217637.13638745196	3554.6435153711664
217637.13638745196	3554.6435153711664
217637.13638745196	3554.6435153711664
217637.13638745196	3554.6435153711664
217637.13638745196	3554.6435153711664
217637.13638745196	3554.6435153711664
217637.13638745196	3554.6435153711664
217637.13638745196	3554.6435153711664
217637.13638745196	3554.6435153711664
217637.13638745196	3554.6435153711664
217637.13638745196	3554.6435153711664
217637.13638745196	3554.6435153711664
217637.13638745196	3554.6435153711664
217637.13638745196	3554.6435153711664
217637.13638745196	3554.6435153711664
217637.13638745196	3554.6435153711664
217637.13638745196	3554.6435153711664
217637.13638745196	3554.6435153711664
217637.13638745196	3554.6435153711664
217637.13638745196	3554.6435153711664
217637.13638745196	3554.6435153711664
217637.13638745196	3554.6435153711664
217637.13638745196	3554.6435153711664
217683.22743479576	3476.374979325501
217637.13638745196	3554.6435153711664
217637.13638745196	3554.6435153711664
217637.13638745196	3554.6435153711664
217637.13638745196	3554.6435153711664
217637.13638745196	3554.6435153711664
217637.13638745196	3554.6435153711664
217530.8410218778	3626.688896833836
217637.13638745196	3554.6435153711664
217637.13638745196	3554.6435153711664
217637.13638745196	3554.6435153711664
217637.13638745196	3554.6435153711664
217637.13638745196	3554.6435153711664
217637.13638745196	3554.6435153711664
217637.13638745196	3554.6435153711664
217637.13638745196	3554.6435153711664
217637.13638745196	3554.6435153711664
217637.13638745196	3554.6435153711664
217637.13638745196	3554.6435153711664
217637.13638745196	3554.6435153711664
217637.13638745196	3554.6435153711664
217637.13638745196	3554.6435153711664
217637.13638745196	3554.6435153711664
217637.13638745196	3554.6435153711664
217637.13638745196	3554.6435153711664
217637.13638745196	3554.6435153711664
217637.13638745196	3554.6435153711664
217637.13638745196	3554.6435153711664
217637.13638745196	3554.6435153711664
217637.13638745196	3554.6435153711664
217637.13638745196	3554.6435153711664
217637.13638745196	3554.6435153711664
217637.13638745196	3554.6435153711664
217637.13638745196	3554.6435153711664
217637.13638745196	3554.6435153711664
217637.13638745196	3554.6435153711664
217637.13638745196	3554.6435153711664
217637.13638745196	3554.6435153711664
217637.13638745196	3554.6435153711664
217637.13638745196	3554.6435153711664
217683.22743479576	3476.374979325501
217637.13638745196	3554.6435153711664
217637.13638745196	3554.6435153711664
217637.13638745196	3554.6435153711664
217637.13638745196	3554.6435153711664
217637.13638745196	3554.6435153711664
217637.13638745196	3554.6435153711664
217637.13638745196	3554.6435153711664
217637.13638745196	3554.6435153711664
217637.13638745196	3554.6435153711664
217637.13638745196	3554.6435153711664
toanvd
221916.324106737	3305.4417190863333
221916.324106737	3305.4417190863333
221916.324106737	3305.4417190863333
221916.324106737	3305.4417190863333
221916.324106737	3305.4417190863333
221916.324106737	3305.4417190863333
221916.324106737	3305.4417190863333
221916.324106737	3305.4417190863333
221916.324106737	3305.4417190863333
221916.324106737	3305.4417190863333
221916.324106737	3305.4417190863333
221916.324106737	3305.4417190863333
221916.324106737	3305.4417190863333
221916.324106737	3305.4417190863333
221916.324106737	3305.4417190863333
221916.324106737	3305.4417190863333
221916.324106737	3305.4417190863333
221916.324106737	3305.4417190863333
221916.324106737	3305.4417190863333
221916.324106737	3305.4417190863333
221916.324106737	3305.4417190863333
221916.324106737	3305.4417190863333
221916.324106737	3305.4417190863333
221916.324106737	3305.4417190863333
221916.324106737	3305.4417190863333
221916.324106737	3305.4417190863333
221916.324106737	3305.4417190863333
221916.324106737	3305.4417190863333
221916.324106737	3305.4417190863333
221916.324106737	3305.4417190863333
221916.324106737	3305.4417190863333
221916.324106737	3305.4417190863333
221916.324106737	3305.4417190863333
221916.324106737	3305.4417190863333
221916.324106737	3305.4417190863333
221916.324106737	3305.4417190863333
221916.324106737	3305.4417190863333
221916.324106737	3305.4417190863333
221916.324106737	3305.4417190863333
221916.324106737	3305.4417190863333
221916.324106737	3305.4417190863333
221916.324106737	3305.4417190863333
221916.324106737	3305.4417190863333
221916.324106737	3305.4417190863333
221916.324106737	3305.4417190863333
221916.324106737	3305.4417190863333
221916.324106737	3305.4417190863333
221916.324106737	3305.4417190863333
221916.324106737	3305.4417190863333
221916.324106737	3305.4417190863333
221916.324106737	3305.4417190863333
221916.324106737	3305.4417190863333
221916.324106737	3305.4417190863333
221916.324106737	3305.4417190863333
221916.324106737	3305.4417190863333
221916.324106737	3305.4417190863333
221916.324106737	3305.4417190863333
221916.324106737	3305.4417190863333
221916.324106737	3305.4417190863333
221916.324106737	3305.4417190863333
221916.324106737	3305.4417190863333
221916.324106737	3305.4417190863333
221916.324106737	3305.4417190863333
221916.324106737	3305.4417190863333
221916.324106737	3305.4417190863333
221916.324106737	3305.4417190863333
221916.324106737	3305.4417190863333
221916.324106737	3305.4417190863333
221916.324106737	3305.4417190863333
221916.324106737	3305.4417190863333
221916.324106737	3305.4417190863333
221916.324106737	3305.4417190863333
221916.324106737	3305.4417190863333
221916.324106737	3305.4417190863333
221916.324106737	3305.4417190863333
221916.324106737	3305.4417190863333
221916.324106737	3305.4417190863333
221916.324106737	3305.4417190863333
221916.324106737	3305.4417190863333
221916.324106737	3305.4417190863333
221916.324106737	3305.4417190863333
221916.324106737	3305.4417190863333
221737.68201942084	3369.5637397640176
toanvd
220716.82692021222	3207.604589275873
220716.82692021222	3207.604589275873
220716.82692021222	3207.604589275873
220716.82692021222	3207.604589275873
220716.82692021222	3207.604589275873
220716.82692021222	3207.604589275873
220716.82692021222	3207.604589275873
220716.82692021222	3207.604589275873
220716.82692021222	3207.604589275873
220716.82692021222	3207.604589275873
toanvd
230347.42526815276	3547.249734291045
230347.42526815276	3547.249734291045
230347.42526815276	3547.249734291045
230347.42526815276	3547.249734291045
226339.14973988666	3579.0345043497728
230347.42526815276	3547.249734291045
230347.42526815276	3547.249734291045
230347.42526815276	3547.249734291045
230347.42526815276	3547.249734291045
226339.14973988666	3579.0345043497728
230347.42526815276	3547.249734291045
230347.42526815276	3547.249734291045
230347.42526815276	3547.249734291045
230347.42526815276	3547.249734291045
230347.42526815276	3547.249734291045
230347.42526815276	3547.249734291045
230347.42526815276	3547.249734291045
226339.14973988666	3579.0345043497728
230347.42526815276	3547.249734291045
230347.42526815276	3547.249734291045
230347.42526815276	3547.249734291045
230347.42526815276	3547.249734291045
230347.42526815276	3547.249734291045
230347.42526815276	3547.249734291045
230347.42526815276	3547.249734291045
226339.14973988666	3579.0345043497728
toanvd
232945.0475851841	3622.574753408632
232945.0475851841	3622.574753408632
232945.0475851841	3622.574753408632
232945.0475851841	3622.574753408632
232945.0475851841	3622.574753408632
232945.0475851841	3622.574753408632
232945.0475851841	3622.574753408632
232945.0475851841	3622.574753408632
232945.0475851841	3622.574753408632
232945.0475851841	3622.574753408632
232945.0475851841	3622.574753408632
232945.0475851841	3622.574753408632
232945.0475851841	3622.574753408632
230836.96281153086	3889.3184597745094
232945.0475851841	3622.574753408632
232945.0475851841	3622.574753408632
232945.0475851841	3622.574753408632
232945.0475851841	3622.574753408632
232945.0475851841	3622.574753408632
232945.0475851841	3622.574753408632
232945.0475851841	3622.574753408632
232945.0475851841	3622.574753408632
232945.0475851841	3622.574753408632
232945.0475851841	3622.574753408632
232945.0475851841	3622.574753408632
232945.0475851841	3622.574753408632
232945.0475851841	3622.574753408632
232945.0475851841	3622.574753408632
232945.0475851841	3622.574753408632
232945.0475851841	3622.574753408632
232945.0475851841	3622.574753408632
232945.0475851841	3622.574753408632
232945.0475851841	3622.574753408632
232945.0475851841	3622.574753408632
232945.0475851841	3622.574753408632
232945.0475851841	3622.574753408632
230836.96281153086	3889.3184597745094
232945.0475851841	3622.574753408632
232945.0475851841	3622.574753408632
232945.0475851841	3622.574753408632
232945.0475851841	3622.574753408632
232945.0475851841	3622.574753408632
232945.0475851841	3622.574753408632
232945.0475851841	3622.574753408632
232945.0475851841	3622.574753408632
232945.0475851841	3622.574753408632
232945.0475851841	3622.574753408632
232945.0475851841	3622.574753408632
232945.0475851841	3622.574753408632
232945.0475851841	3622.574753408632
232945.0475851841	3622.574753408632
232945.0475851841	3622.574753408632
232945.0475851841	3622.574753408632
230836.96281153086	3889.3184597745094
232945.0475851841	3622.574753408632
232945.0475851841	3622.574753408632
232945.0475851841	3622.574753408632
231843.98591978697	3647.2565712370792
231843.98591978697	3647.2565712370792
toanvd
230724.70909035034	3101.3285786807965
233340.3193442788	3052.8471954402257
233340.3193442788	3052.8471954402257
233340.3193442788	3052.8471954402257
233340.3193442788	3052.8471954402257
233340.3193442788	3052.8471954402257
233340.3193442788	3052.8471954402257
233340.3193442788	3052.8471954402257
233340.3193442788	3052.8471954402257
233340.3193442788	3052.8471954402257
233340.3193442788	3052.8471954402257
233340.3193442788	3052.8471954402257
233340.3193442788	3052.8471954402257
233340.3193442788	3052.8471954402257
233340.3193442788	3052.8471954402257
233340.3193442788	3052.8471954402257
233340.3193442788	3052.8471954402257
233340.3193442788	3052.8471954402257
233340.3193442788	3052.8471954402257
233340.3193442788	3052.8471954402257
233340.3193442788	3052.8471954402257
233340.3193442788	3052.8471954402257
233340.3193442788	3052.8471954402257
233340.3193442788	3052.8471954402257
233340.3193442788	3052.8471954402257
toanvd
224142.23419876458	3380.255888306254
226731.57157550682	3368.7521187687794
224142.23419876458	3380.255888306254
226731.57157550682	3368.7521187687794
toanvd
215377.0054693092	3142.4561559403587
215377.0054693092	3142.4561559403587
215377.0054693092	3142.4561559403587
213496.34908753462	3190.419375065377
213496.34908753462	3190.419375065377
213496.34908753462	3190.419375065377
213496.34908753462	3190.419375065377
213496.34908753462	3190.419375065377
213496.34908753462	3190.419375065377
213496.34908753462	3190.419375065377
213496.34908753462	3190.419375065377
213496.34908753462	3190.419375065377
213496.34908753462	3190.419375065377
213496.34908753462	3190.419375065377
213496.34908753462	3190.419375065377
213496.34908753462	3190.419375065377
213496.34908753462	3190.419375065377
213496.34908753462	3190.419375065377
213496.34908753462	3190.419375065377
213496.34908753462	3190.419375065377
213496.34908753462	3190.419375065377
213496.34908753462	3190.419375065377
213496.34908753462	3190.419375065377
213496.34908753462	3190.419375065377
213496.34908753462	3190.419375065377
213496.34908753462	3190.419375065377
213496.34908753462	3190.419375065377
213496.34908753462	3190.419375065377
213496.34908753462	3190.419375065377
213496.34908753462	3190.419375065377
213496.34908753462	3190.419375065377
213496.34908753462	3190.419375065377
213496.34908753462	3190.419375065377
213496.34908753462	3190.419375065377
213496.34908753462	3190.419375065377
213496.34908753462	3190.419375065377
213496.34908753462	3190.419375065377
toanvd
223676.52397617517	3179.0830794849903
toanvd
220238.38921487491	3363.0257112752693
toanvd
218494.7237042823	3250.151226906187
214351.68160100607	3481.5154927289527
toanvd
210474.29419022167	3163.686049421189
210474.29419022167	3163.686049421189
210474.29419022167	3163.686049421189
210474.29419022167	3163.686049421189
210474.29419022167	3163.686049421189
210474.29419022167	3163.686049421189
210474.29419022167	3163.686049421189
210474.29419022167	3163.686049421189
210474.29419022167	3163.686049421189
210474.29419022167	3163.686049421189
210474.29419022167	3163.686049421189
210474.29419022167	3163.686049421189
210474.29419022167	3163.686049421189
210474.29419022167	3163.686049421189
210474.29419022167	3163.686049421189
210474.29419022167	3163.686049421189
210474.29419022167	3163.686049421189
210474.29419022167	3163.686049421189
210474.29419022167	3163.686049421189
210474.29419022167	3163.686049421189
210474.29419022167	3163.686049421189
210474.29419022167	3163.686049421189
210474.29419022167	3163.686049421189
210474.29419022167	3163.686049421189
210474.29419022167	3163.686049421189
210474.29419022167	3163.686049421189
210474.29419022167	3163.686049421189
210474.29419022167	3163.686049421189
210474.29419022167	3163.686049421189
210474.29419022167	3163.686049421189
210474.29419022167	3163.686049421189
210474.29419022167	3163.686049421189
210474.29419022167	3163.686049421189
210474.29419022167	3163.686049421189
210474.29419022167	3163.686049421189
210474.29419022167	3163.686049421189
210474.29419022167	3163.686049421189
210474.29419022167	3163.686049421189
210474.29419022167	3163.686049421189
210474.29419022167	3163.686049421189
210474.29419022167	3163.686049421189
210133.01754413283	3434.3874164684953
210474.29419022167	3163.686049421189
210474.29419022167	3163.686049421189
210474.29419022167	3163.686049421189
210474.29419022167	3163.686049421189
210474.29419022167	3163.686049421189
210474.29419022167	3163.686049421189
210474.29419022167	3163.686049421189
210474.29419022167	3163.686049421189
210474.29419022167	3163.686049421189
210474.29419022167	3163.686049421189
210474.29419022167	3163.686049421189
210474.29419022167	3163.686049421189
210474.29419022167	3163.686049421189
210474.29419022167	3163.686049421189
210474.29419022167	3163.686049421189
210474.29419022167	3163.686049421189
210474.29419022167	3163.686049421189
210474.29419022167	3163.686049421189
210474.29419022167	3163.686049421189
210474.29419022167	3163.686049421189
210474.29419022167	3163.686049421189
210474.29419022167	3163.686049421189
210474.29419022167	3163.686049421189
210474.29419022167	3163.686049421189
210474.29419022167	3163.686049421189
210474.29419022167	3163.686049421189
210474.29419022167	3163.686049421189
210474.29419022167	3163.686049421189
210474.29419022167	3163.686049421189
210474.29419022167	3163.686049421189
210474.29419022167	3163.686049421189
210474.29419022167	3163.686049421189
210474.29419022167	3163.686049421189
210474.29419022167	3163.686049421189
210474.29419022167	3163.686049421189
210474.29419022167	3163.686049421189
210474.29419022167	3163.686049421189
210474.29419022167	3163.686049421189
210474.29419022167	3163.686049421189
210474.29419022167	3163.686049421189
210474.29419022167	3163.686049421189
210474.29419022167	3163.686049421189
210474.29419022167	3163.686049421189
210474.29419022167	3163.686049421189
210474.29419022167	3163.686049421189
210474.29419022167	3163.686049421189
210474.29419022167	3163.686049421189
210474.29419022167	3163.686049421189
210474.29419022167	3163.686049421189
210474.29419022167	3163.686049421189
210474.29419022167	3163.686049421189
210474.29419022167	3163.686049421189
210474.29419022167	3163.686049421189
210474.29419022167	3163.686049421189
210474.29419022167	3163.686049421189
210474.29419022167	3163.686049421189
210474.29419022167	3163.686049421189
210474.29419022167	3163.686049421189
210474.29419022167	3163.686049421189
toanvd
226405.9376336843	3199.633702502631
224183.0889582204	3252.0687347135067
224183.0889582204	3252.0687347135067
226405.9376336843	3199.633702502631
224183.0889582204	3252.0687347135067
223658.93162270673	3293.745487690878
226405.9376336843	3199.633702502631
toanvd
224580.33951240173	3055.598552582447
224580.33951240173	3055.598552582447
224580.33951240173	3055.598552582447
224580.33951240173	3055.598552582447
224426.27675980728	3206.4175198791118
224426.27675980728	3206.4175198791118
224580.33951240173	3055.598552582447
224580.33951240173	3055.598552582447
224580.33951240173	3055.598552582447
224580.33951240173	3055.598552582447
224580.33951240173	3055.598552582447
224580.33951240173	3055.598552582447
224426.27675980728	3206.4175198791118
224580.33951240173	3055.598552582447
224426.27675980728	3206.4175198791118
224580.33951240173	3055.598552582447
224580.33951240173	3055.598552582447
224580.33951240173	3055.598552582447
224580.33951240173	3055.598552582447
toanvd
223864.84795260485	3223.351324769531
223864.84795260485	3223.351324769531
223864.84795260485	3223.351324769531
223864.84795260485	3223.351324769531
224023.15314038843	3209.2764693861886
223864.84795260485	3223.351324769531
223864.84795260485	3223.351324769531
223864.84795260485	3223.351324769531
223864.84795260485	3223.351324769531
223864.84795260485	3223.351324769531
223701.45584920837	3230.763322366745
223864.84795260485	3223.351324769531
223864.84795260485	3223.351324769531
223864.84795260485	3223.351324769531
223864.84795260485	3223.351324769531
223864.84795260485	3223.351324769531
223864.84795260485	3223.351324769531
223864.84795260485	3223.351324769531
223864.84795260485	3223.351324769531
223864.84795260485	3223.351324769531
223864.84795260485	3223.351324769531
223864.84795260485	3223.351324769531
223864.84795260485	3223.351324769531
toanvd
223667.4200426057	3244.022162152745
toanvd
