212193.41493246064	3461.7219336367625
212193.41493246064	3461.7219336367625
212193.41493246064	3461.7219336367625
212193.41493246064	3461.7219336367625
212193.41493246064	3461.7219336367625
212193.41493246064	3461.7219336367625
212193.41493246064	3461.7219336367625
212193.41493246064	3461.7219336367625
212193.41493246064	3461.7219336367625
212193.41493246064	3461.7219336367625
212193.41493246064	3461.7219336367625
212193.41493246064	3461.7219336367625
212193.41493246064	3461.7219336367625
212193.41493246064	3461.7219336367625
212193.41493246064	3461.7219336367625
212193.41493246064	3461.7219336367625
212193.41493246064	3461.7219336367625
212193.41493246064	3461.7219336367625
212193.41493246064	3461.7219336367625
212193.41493246064	3461.7219336367625
212193.41493246064	3461.7219336367625
212193.41493246064	3461.7219336367625
212193.41493246064	3461.7219336367625
212193.41493246064	3461.7219336367625
212193.41493246064	3461.7219336367625
212193.41493246064	3461.7219336367625
212193.41493246064	3461.7219336367625
212193.41493246064	3461.7219336367625
toanvd
224665.27794602723	3209.2764693861886
221514.20595221856	3319.820166755972
224291.1213978853	3315.9770575040206
224291.1213978853	3315.9770575040206
221514.20595221856	3319.820166755972
224291.1213978853	3315.9770575040206
221514.20595221856	3319.820166755972
221514.20595221856	3319.820166755972
221514.20595221856	3319.820166755972
224665.27794602723	3209.2764693861886
221514.20595221856	3319.820166755972
221514.20595221856	3319.820166755972
221514.20595221856	3319.820166755972
221514.20595221856	3319.820166755972
221514.20595221856	3319.820166755972
221514.20595221856	3319.820166755972
220153.81760189572	3354.729960024571
220153.81760189572	3354.729960024571
220153.81760189572	3354.729960024571
220153.81760189572	3354.729960024571
220153.81760189572	3354.729960024571
220153.81760189572	3354.729960024571
220153.81760189572	3354.729960024571
220153.81760189572	3354.729960024571
220153.81760189572	3354.729960024571
220153.81760189572	3354.729960024571
220153.81760189572	3354.729960024571
220153.81760189572	3354.729960024571
220153.81760189572	3354.729960024571
220153.81760189572	3354.729960024571
220153.81760189572	3354.729960024571
220153.81760189572	3354.729960024571
220153.81760189572	3354.729960024571
220153.81760189572	3354.729960024571
220153.81760189572	3354.729960024571
220153.81760189572	3354.729960024571
224291.1213978853	3315.9770575040206
toanvd
225291.69836229528	3128.048275045168
225291.69836229528	3128.048275045168
225291.69836229528	3128.048275045168
225291.69836229528	3128.048275045168
225291.69836229528	3128.048275045168
225291.69836229528	3128.048275045168
225291.69836229528	3128.048275045168
225005.79367436387	3131.635489524127
225291.69836229528	3128.048275045168
225291.69836229528	3128.048275045168
225291.69836229528	3128.048275045168
225291.69836229528	3128.048275045168
225291.69836229528	3128.048275045168
225291.69836229528	3128.048275045168
225291.69836229528	3128.048275045168
225291.69836229528	3128.048275045168
225291.69836229528	3128.048275045168
225005.79367436387	3131.635489524127
225291.69836229528	3128.048275045168
225291.69836229528	3128.048275045168
225291.69836229528	3128.048275045168
225291.69836229528	3128.048275045168
225291.69836229528	3128.048275045168
225005.79367436387	3131.635489524127
225291.69836229528	3128.048275045168
225291.69836229528	3128.048275045168
225291.69836229528	3128.048275045168
225291.69836229528	3128.048275045168
225291.69836229528	3128.048275045168
225291.69836229528	3128.048275045168
225291.69836229528	3128.048275045168
225005.79367436387	3131.635489524127
225291.69836229528	3128.048275045168
225291.69836229528	3128.048275045168
225291.69836229528	3128.048275045168
225291.69836229528	3128.048275045168
225291.69836229528	3128.048275045168
225291.69836229528	3128.048275045168
225291.69836229528	3128.048275045168
225291.69836229528	3128.048275045168
225291.69836229528	3128.048275045168
225291.69836229528	3128.048275045168
225005.79367436387	3131.635489524127
225291.69836229528	3128.048275045168
225291.69836229528	3128.048275045168
225291.69836229528	3128.048275045168
225291.69836229528	3128.048275045168
225291.69836229528	3128.048275045168
225291.69836229528	3128.048275045168
225291.69836229528	3128.048275045168
225291.69836229528	3128.048275045168
225291.69836229528	3128.048275045168
225291.69836229528	3128.048275045168
225291.69836229528	3128.048275045168
225291.69836229528	3128.048275045168
225291.69836229528	3128.048275045168
225291.69836229528	3128.048275045168
225291.69836229528	3128.048275045168
225291.69836229528	3128.048275045168
225291.69836229528	3128.048275045168
225291.69836229528	3128.048275045168
225291.69836229528	3128.048275045168
225291.69836229528	3128.048275045168
225291.69836229528	3128.048275045168
225291.69836229528	3128.048275045168
225291.69836229528	3128.048275045168
225005.79367436387	3131.635489524127
225291.69836229528	3128.048275045168
225291.69836229528	3128.048275045168
225291.69836229528	3128.048275045168
225005.79367436387	3131.635489524127
225291.69836229528	3128.048275045168
225291.69836229528	3128.048275045168
225291.69836229528	3128.048275045168
225291.69836229528	3128.048275045168
225291.69836229528	3128.048275045168
225291.69836229528	3128.048275045168
toanvd
226078.139284073	3210.2043758458553
toanvd
214090.9414301491	3086.356607793146
214090.9414301491	3086.356607793146
214090.9414301491	3086.356607793146
214090.9414301491	3086.356607793146
214090.9414301491	3086.356607793146
214090.9414301491	3086.356607793146
214090.9414301491	3086.356607793146
214090.9414301491	3086.356607793146
214090.9414301491	3086.356607793146
214090.9414301491	3086.356607793146
214090.9414301491	3086.356607793146
214090.9414301491	3086.356607793146
214090.9414301491	3086.356607793146
214090.9414301491	3086.356607793146
214090.9414301491	3086.356607793146
214090.9414301491	3086.356607793146
214090.9414301491	3086.356607793146
214090.9414301491	3086.356607793146
214090.9414301491	3086.356607793146
214090.9414301491	3086.356607793146
214090.9414301491	3086.356607793146
214090.9414301491	3086.356607793146
214090.9414301491	3086.356607793146
214090.9414301491	3086.356607793146
214090.9414301491	3086.356607793146
214090.9414301491	3086.356607793146
214090.9414301491	3086.356607793146
214090.9414301491	3086.356607793146
214090.9414301491	3086.356607793146
214090.9414301491	3086.356607793146
214090.9414301491	3086.356607793146
214090.9414301491	3086.356607793146
214090.9414301491	3086.356607793146
214090.9414301491	3086.356607793146
214090.9414301491	3086.356607793146
214090.9414301491	3086.356607793146
214090.9414301491	3086.356607793146
214090.9414301491	3086.356607793146
214090.9414301491	3086.356607793146
214090.9414301491	3086.356607793146
214090.9414301491	3086.356607793146
214090.9414301491	3086.356607793146
214090.9414301491	3086.356607793146
214090.9414301491	3086.356607793146
214090.9414301491	3086.356607793146
214090.9414301491	3086.356607793146
214090.9414301491	3086.356607793146
214090.9414301491	3086.356607793146
214090.9414301491	3086.356607793146
214090.9414301491	3086.356607793146
214090.9414301491	3086.356607793146
214090.9414301491	3086.356607793146
214090.9414301491	3086.356607793146
214090.9414301491	3086.356607793146
214090.9414301491	3086.356607793146
214090.9414301491	3086.356607793146
214090.9414301491	3086.356607793146
214090.9414301491	3086.356607793146
214090.9414301491	3086.356607793146
214090.9414301491	3086.356607793146
214090.9414301491	3086.356607793146
214090.9414301491	3086.356607793146
214090.9414301491	3086.356607793146
214090.9414301491	3086.356607793146
214090.9414301491	3086.356607793146
214090.9414301491	3086.356607793146
214090.9414301491	3086.356607793146
214090.9414301491	3086.356607793146
214090.9414301491	3086.356607793146
214090.9414301491	3086.356607793146
toanvd
221821.16564028573	3109.4725056457273
220383.24781821072	3146.8237994946753
toanvd
218877.68784444858	3344.2318403004074
218877.68784444858	3344.2318403004074
toanvd
216865.31898620198	3244.3908061552147
216865.31898620198	3244.3908061552147
216865.31898620198	3244.3908061552147
215743.91986160088	3315.9770575040206
toanvd
221266.2093669694	3050.1989798340946
223685.4526815525	3043.5794060290245
223685.4526815525	3043.5794060290245
223685.4526815525	3043.5794060290245
221266.2093669694	3050.1989798340946
223685.4526815525	3043.5794060290245
223685.4526815525	3043.5794060290245
221266.2093669694	3050.1989798340946
223685.4526815525	3043.5794060290245
223685.4526815525	3043.5794060290245
toanvd
224742.8639429741	3096.878479678353
224742.8639429741	3096.878479678353
toanvd
224236.06170913443	3027.3128162442854
224236.06170913443	3027.3128162442854
224236.06170913443	3027.3128162442854
219704.81865907874	3052.8471954402257
219704.81865907874	3052.8471954402257
219704.81865907874	3052.8471954402257
219704.81865907874	3052.8471954402257
219704.81865907874	3052.8471954402257
219704.81865907874	3052.8471954402257
toanvd
218278.67617070992	3277.6380788093384
218874.70643988016	3277.497283180451
218874.70643988016	3277.497283180451
218278.67617070992	3277.6380788093384
218874.70643988016	3277.497283180451
218278.67617070992	3277.6380788093384
218874.70643988016	3277.497283180451
216000.32815477016	3507.4336314831776
toanvd
217847.46451925728	3200.996924522536
217847.46451925728	3200.996924522536
217847.46451925728	3200.996924522536
217847.46451925728	3200.996924522536
217847.46451925728	3200.996924522536
217847.46451925728	3200.996924522536
toanvd
211679.4437987368	2971.1554230491342
211679.4437987368	2971.1554230491342
211679.4437987368	2971.1554230491342
211679.4437987368	2971.1554230491342
toanvd
223630.54294258033	3558.4816504844894
223630.54294258033	3558.4816504844894
223630.54294258033	3558.4816504844894
223630.54294258033	3558.4816504844894
224374.6900874004	3318.543268148161
223630.54294258033	3558.4816504844894
223630.54294258033	3558.4816504844894
224374.6900874004	3318.543268148161
toanvd
225616.6527466003	3196.431251133842
225616.6527466003	3196.431251133842
225616.6527466003	3196.431251133842
225616.6527466003	3196.431251133842
225616.6527466003	3196.431251133842
225616.6527466003	3196.431251133842
225616.6527466003	3196.431251133842
225616.6527466003	3196.431251133842
225616.6527466003	3196.431251133842
225616.6527466003	3196.431251133842
225616.6527466003	3196.431251133842
225616.6527466003	3196.431251133842
225616.6527466003	3196.431251133842
225616.6527466003	3196.431251133842
225616.6527466003	3196.431251133842
225616.6527466003	3196.431251133842
225616.6527466003	3196.431251133842
225616.6527466003	3196.431251133842
225616.6527466003	3196.431251133842
225616.6527466003	3196.431251133842
225616.6527466003	3196.431251133842
225616.6527466003	3196.431251133842
225616.6527466003	3196.431251133842
225616.6527466003	3196.431251133842
225616.6527466003	3196.431251133842
225616.6527466003	3196.431251133842
225616.6527466003	3196.431251133842
225616.6527466003	3196.431251133842
225616.6527466003	3196.431251133842
225616.6527466003	3196.431251133842
225616.6527466003	3196.431251133842
225616.6527466003	3196.431251133842
225616.6527466003	3196.431251133842
225616.6527466003	3196.431251133842
225616.6527466003	3196.431251133842
225616.6527466003	3196.431251133842
225616.6527466003	3196.431251133842
225616.6527466003	3196.431251133842
225616.6527466003	3196.431251133842
225616.6527466003	3196.431251133842
225616.6527466003	3196.431251133842
225616.6527466003	3196.431251133842
225616.6527466003	3196.431251133842
225616.6527466003	3196.431251133842
225616.6527466003	3196.431251133842
225616.6527466003	3196.431251133842
225616.6527466003	3196.431251133842
225616.6527466003	3196.431251133842
225616.6527466003	3196.431251133842
225616.6527466003	3196.431251133842
225616.6527466003	3196.431251133842
225616.6527466003	3196.431251133842
225616.6527466003	3196.431251133842
225616.6527466003	3196.431251133842
225616.6527466003	3196.431251133842
225616.6527466003	3196.431251133842
225616.6527466003	3196.431251133842
225616.6527466003	3196.431251133842
225616.6527466003	3196.431251133842
225616.6527466003	3196.431251133842
225616.6527466003	3196.431251133842
225616.6527466003	3196.431251133842
225616.6527466003	3196.431251133842
225616.6527466003	3196.431251133842
225616.6527466003	3196.431251133842
225616.6527466003	3196.431251133842
225616.6527466003	3196.431251133842
225616.6527466003	3196.431251133842
225616.6527466003	3196.431251133842
225616.6527466003	3196.431251133842
225616.6527466003	3196.431251133842
225616.6527466003	3196.431251133842
225616.6527466003	3196.431251133842
225616.6527466003	3196.431251133842
225616.6527466003	3196.431251133842
225616.6527466003	3196.431251133842
225616.6527466003	3196.431251133842
225616.6527466003	3196.431251133842
225616.6527466003	3196.431251133842
225616.6527466003	3196.431251133842
225616.6527466003	3196.431251133842
225616.6527466003	3196.431251133842
225616.6527466003	3196.431251133842
225616.6527466003	3196.431251133842
225616.6527466003	3196.431251133842
225616.6527466003	3196.431251133842
225616.6527466003	3196.431251133842
225616.6527466003	3196.431251133842
225616.6527466003	3196.431251133842
225616.6527466003	3196.431251133842
225616.6527466003	3196.431251133842
225616.6527466003	3196.431251133842
225616.6527466003	3196.431251133842
225616.6527466003	3196.431251133842
225616.6527466003	3196.431251133842
225616.6527466003	3196.431251133842
225616.6527466003	3196.431251133842
225616.6527466003	3196.431251133842
225616.6527466003	3196.431251133842
225616.6527466003	3196.431251133842
225616.6527466003	3196.431251133842
225616.6527466003	3196.431251133842
225616.6527466003	3196.431251133842
225616.6527466003	3196.431251133842
225616.6527466003	3196.431251133842
225616.6527466003	3196.431251133842
225616.6527466003	3196.431251133842
225616.6527466003	3196.431251133842
225616.6527466003	3196.431251133842
225616.6527466003	3196.431251133842
225616.6527466003	3196.431251133842
225616.6527466003	3196.431251133842
225616.6527466003	3196.431251133842
225616.6527466003	3196.431251133842
225616.6527466003	3196.431251133842
225616.6527466003	3196.431251133842
225616.6527466003	3196.431251133842
225616.6527466003	3196.431251133842
225616.6527466003	3196.431251133842
225616.6527466003	3196.431251133842
225616.6527466003	3196.431251133842
225616.6527466003	3196.431251133842
225616.6527466003	3196.431251133842
225616.6527466003	3196.431251133842
225616.6527466003	3196.431251133842
225616.6527466003	3196.431251133842
225616.6527466003	3196.431251133842
225616.6527466003	3196.431251133842
225616.6527466003	3196.431251133842
225616.6527466003	3196.431251133842
225616.6527466003	3196.431251133842
225616.6527466003	3196.431251133842
225616.6527466003	3196.431251133842
225616.6527466003	3196.431251133842
225616.6527466003	3196.431251133842
225616.6527466003	3196.431251133842
225616.6527466003	3196.431251133842
225616.6527466003	3196.431251133842
225616.6527466003	3196.431251133842
225616.6527466003	3196.431251133842
225616.6527466003	3196.431251133842
225616.6527466003	3196.431251133842
toanvd
207330.55069163343	3109.4725056457273
207330.55069163343	3109.4725056457273
207330.55069163343	3109.4725056457273
207330.55069163343	3109.4725056457273
207330.55069163343	3109.4725056457273
207330.55069163343	3109.4725056457273
207330.55069163343	3109.4725056457273
207330.55069163343	3109.4725056457273
207330.55069163343	3109.4725056457273
207330.55069163343	3109.4725056457273
207330.55069163343	3109.4725056457273
207330.55069163343	3109.4725056457273
208825.7657125531	3096.24834981661
207330.55069163343	3109.4725056457273
207330.55069163343	3109.4725056457273
207330.55069163343	3109.4725056457273
207330.55069163343	3109.4725056457273
207330.55069163343	3109.4725056457273
207330.55069163343	3109.4725056457273
207330.55069163343	3109.4725056457273
207330.55069163343	3109.4725056457273
207330.55069163343	3109.4725056457273
207330.55069163343	3109.4725056457273
207330.55069163343	3109.4725056457273
207330.55069163343	3109.4725056457273
207330.55069163343	3109.4725056457273
207330.55069163343	3109.4725056457273
207330.55069163343	3109.4725056457273
207330.55069163343	3109.4725056457273
207330.55069163343	3109.4725056457273
207330.55069163343	3109.4725056457273
207330.55069163343	3109.4725056457273
207330.55069163343	3109.4725056457273
207330.55069163343	3109.4725056457273
207330.55069163343	3109.4725056457273
207330.55069163343	3109.4725056457273
207330.55069163343	3109.4725056457273
207330.55069163343	3109.4725056457273
207330.55069163343	3109.4725056457273
207330.55069163343	3109.4725056457273
207330.55069163343	3109.4725056457273
207330.55069163343	3109.4725056457273
207330.55069163343	3109.4725056457273
207330.55069163343	3109.4725056457273
207330.55069163343	3109.4725056457273
207330.55069163343	3109.4725056457273
207330.55069163343	3109.4725056457273
207330.55069163343	3109.4725056457273
207330.55069163343	3109.4725056457273
207330.55069163343	3109.4725056457273
207330.55069163343	3109.4725056457273
207330.55069163343	3109.4725056457273
207330.55069163343	3109.4725056457273
207330.55069163343	3109.4725056457273
207330.55069163343	3109.4725056457273
207330.55069163343	3109.4725056457273
207330.55069163343	3109.4725056457273
207330.55069163343	3109.4725056457273
207330.55069163343	3109.4725056457273
207330.55069163343	3109.4725056457273
207330.55069163343	3109.4725056457273
207330.55069163343	3109.4725056457273
207330.55069163343	3109.4725056457273
207330.55069163343	3109.4725056457273
207330.55069163343	3109.4725056457273
207330.55069163343	3109.4725056457273
207330.55069163343	3109.4725056457273
207330.55069163343	3109.4725056457273
207330.55069163343	3109.4725056457273
207330.55069163343	3109.4725056457273
207330.55069163343	3109.4725056457273
207330.55069163343	3109.4725056457273
207330.55069163343	3109.4725056457273
207330.55069163343	3109.4725056457273
207330.55069163343	3109.4725056457273
207330.55069163343	3109.4725056457273
207330.55069163343	3109.4725056457273
207330.55069163343	3109.4725056457273
207330.55069163343	3109.4725056457273
207330.55069163343	3109.4725056457273
207330.55069163343	3109.4725056457273
207330.55069163343	3109.4725056457273
207330.55069163343	3109.4725056457273
207330.55069163343	3109.4725056457273
207330.55069163343	3109.4725056457273
207330.55069163343	3109.4725056457273
207330.55069163343	3109.4725056457273
207330.55069163343	3109.4725056457273
207330.55069163343	3109.4725056457273
207330.55069163343	3109.4725056457273
207330.55069163343	3109.4725056457273
207330.55069163343	3109.4725056457273
207330.55069163343	3109.4725056457273
207330.55069163343	3109.4725056457273
207330.55069163343	3109.4725056457273
207330.55069163343	3109.4725056457273
207330.55069163343	3109.4725056457273
207330.55069163343	3109.4725056457273
207330.55069163343	3109.4725056457273
207330.55069163343	3109.4725056457273
207330.55069163343	3109.4725056457273
207330.55069163343	3109.4725056457273
207330.55069163343	3109.4725056457273
207330.55069163343	3109.4725056457273
207330.55069163343	3109.4725056457273
207330.55069163343	3109.4725056457273
207330.55069163343	3109.4725056457273
207330.55069163343	3109.4725056457273
207330.55069163343	3109.4725056457273
207330.55069163343	3109.4725056457273
207330.55069163343	3109.4725056457273
207330.55069163343	3109.4725056457273
207330.55069163343	3109.4725056457273
207330.55069163343	3109.4725056457273
207330.55069163343	3109.4725056457273
207330.55069163343	3109.4725056457273
207330.55069163343	3109.4725056457273
207330.55069163343	3109.4725056457273
207330.55069163343	3109.4725056457273
207330.55069163343	3109.4725056457273
207330.55069163343	3109.4725056457273
207330.55069163343	3109.4725056457273
207330.55069163343	3109.4725056457273
207330.55069163343	3109.4725056457273
207330.55069163343	3109.4725056457273
207330.55069163343	3109.4725056457273
207330.55069163343	3109.4725056457273
207330.55069163343	3109.4725056457273
207330.55069163343	3109.4725056457273
207330.55069163343	3109.4725056457273
207330.55069163343	3109.4725056457273
207330.55069163343	3109.4725056457273
207330.55069163343	3109.4725056457273
207330.55069163343	3109.4725056457273
207330.55069163343	3109.4725056457273
207330.55069163343	3109.4725056457273
207330.55069163343	3109.4725056457273
207330.55069163343	3109.4725056457273
207330.55069163343	3109.4725056457273
207330.55069163343	3109.4725056457273
207330.55069163343	3109.4725056457273
207330.55069163343	3109.4725056457273
207330.55069163343	3109.4725056457273
207330.55069163343	3109.4725056457273
207330.55069163343	3109.4725056457273
207330.55069163343	3109.4725056457273
207330.55069163343	3109.4725056457273
207330.55069163343	3109.4725056457273
207330.55069163343	3109.4725056457273
207330.55069163343	3109.4725056457273
207330.55069163343	3109.4725056457273
207330.55069163343	3109.4725056457273
207330.55069163343	3109.4725056457273
207330.55069163343	3109.4725056457273
207330.55069163343	3109.4725056457273
207330.55069163343	3109.4725056457273
207330.55069163343	3109.4725056457273
207330.55069163343	3109.4725056457273
207330.55069163343	3109.4725056457273
207330.55069163343	3109.4725056457273
207330.55069163343	3109.4725056457273
207330.55069163343	3109.4725056457273
207330.55069163343	3109.4725056457273
207330.55069163343	3109.4725056457273
207330.55069163343	3109.4725056457273
207330.55069163343	3109.4725056457273
207330.55069163343	3109.4725056457273
207330.55069163343	3109.4725056457273
207330.55069163343	3109.4725056457273
207330.55069163343	3109.4725056457273
207330.55069163343	3109.4725056457273
207330.55069163343	3109.4725056457273
207330.55069163343	3109.4725056457273
207330.55069163343	3109.4725056457273
207330.55069163343	3109.4725056457273
207330.55069163343	3109.4725056457273
207330.55069163343	3109.4725056457273
207330.55069163343	3109.4725056457273
207330.55069163343	3109.4725056457273
207330.55069163343	3109.4725056457273
207330.55069163343	3109.4725056457273
207330.55069163343	3109.4725056457273
207330.55069163343	3109.4725056457273
207330.55069163343	3109.4725056457273
207330.55069163343	3109.4725056457273
207330.55069163343	3109.4725056457273
207330.55069163343	3109.4725056457273
207330.55069163343	3109.4725056457273
207330.55069163343	3109.4725056457273
207330.55069163343	3109.4725056457273
207330.55069163343	3109.4725056457273
207330.55069163343	3109.4725056457273
207330.55069163343	3109.4725056457273
207330.55069163343	3109.4725056457273
207330.55069163343	3109.4725056457273
207330.55069163343	3109.4725056457273
207330.55069163343	3109.4725056457273
207330.55069163343	3109.4725056457273
207330.55069163343	3109.4725056457273
207330.55069163343	3109.4725056457273
toanvd
217266.65219531776	3057.1756487375096
217266.65219531776	3057.1756487375096
217266.65219531776	3057.1756487375096
217266.65219531776	3057.1756487375096
217266.65219531776	3057.1756487375096
217266.65219531776	3057.1756487375096
217266.65219531776	3057.1756487375096
217266.65219531776	3057.1756487375096
217266.65219531776	3057.1756487375096
217266.65219531776	3057.1756487375096
217266.65219531776	3057.1756487375096
toanvd
208262.264836054	3122.2693291601786
208262.264836054	3122.2693291601786
208262.264836054	3122.2693291601786
208262.264836054	3122.2693291601786
208262.264836054	3122.2693291601786
208262.264836054	3122.2693291601786
208262.264836054	3122.2693291601786
208262.264836054	3122.2693291601786
208262.264836054	3122.2693291601786
toanvd
230680.50857369814	3542.5600653738925
230680.50857369814	3542.5600653738925
230680.50857369814	3542.5600653738925
230680.50857369814	3542.5600653738925
230680.50857369814	3542.5600653738925
230680.50857369814	3542.5600653738925
230680.50857369814	3542.5600653738925
230680.50857369814	3542.5600653738925
230680.50857369814	3542.5600653738925
230680.50857369814	3542.5600653738925
230680.50857369814	3542.5600653738925
230680.50857369814	3542.5600653738925
230680.50857369814	3542.5600653738925
230680.50857369814	3542.5600653738925
230680.50857369814	3542.5600653738925
230680.50857369814	3542.5600653738925
230680.50857369814	3542.5600653738925
225606.66471557884	3591.997989725976
225606.66471557884	3591.997989725976
toanvd
227642.34365173045	3203.674170891176
227642.34365173045	3203.674170891176
227642.34365173045	3203.674170891176
227642.34365173045	3203.674170891176
227642.34365173045	3203.674170891176
227642.34365173045	3203.674170891176
227642.34365173045	3203.674170891176
227642.34365173045	3203.674170891176
227642.34365173045	3203.674170891176
227642.34365173045	3203.674170891176
227642.34365173045	3203.674170891176
227642.34365173045	3203.674170891176
227642.34365173045	3203.674170891176
227642.34365173045	3203.674170891176
227642.34365173045	3203.674170891176
227642.34365173045	3203.674170891176
227642.34365173045	3203.674170891176
227642.34365173045	3203.674170891176
toanvd
220524.69494155998	3252.9116823590834
220524.69494155998	3252.9116823590834
220524.69494155998	3252.9116823590834
220524.69494155998	3252.9116823590834
220524.69494155998	3252.9116823590834
220524.69494155998	3252.9116823590834
220524.69494155998	3252.9116823590834
220524.69494155998	3252.9116823590834
220524.69494155998	3252.9116823590834
220524.69494155998	3252.9116823590834
220524.69494155998	3252.9116823590834
220524.69494155998	3252.9116823590834
220524.69494155998	3252.9116823590834
220524.69494155998	3252.9116823590834
220524.69494155998	3252.9116823590834
220524.69494155998	3252.9116823590834
220524.69494155998	3252.9116823590834
220524.69494155998	3252.9116823590834
220524.69494155998	3252.9116823590834
220524.69494155998	3252.9116823590834
220524.69494155998	3252.9116823590834
220524.69494155998	3252.9116823590834
220524.69494155998	3252.9116823590834
220524.69494155998	3252.9116823590834
220524.69494155998	3252.9116823590834
220524.69494155998	3252.9116823590834
220524.69494155998	3252.9116823590834
220524.69494155998	3252.9116823590834
220524.69494155998	3252.9116823590834
220524.69494155998	3252.9116823590834
220524.69494155998	3252.9116823590834
220524.69494155998	3252.9116823590834
220524.69494155998	3252.9116823590834
220524.69494155998	3252.9116823590834
220524.69494155998	3252.9116823590834
220524.69494155998	3252.9116823590834
220524.69494155998	3252.9116823590834
toanvd
223064.6821604693	3209.2764693861886
223064.6821604693	3209.2764693861886
223064.6821604693	3209.2764693861886
223064.6821604693	3209.2764693861886
223064.6821604693	3209.2764693861886
223064.6821604693	3209.2764693861886
223064.6821604693	3209.2764693861886
223064.6821604693	3209.2764693861886
223064.6821604693	3209.2764693861886
223064.6821604693	3209.2764693861886
223064.6821604693	3209.2764693861886
223064.6821604693	3209.2764693861886
223064.6821604693	3209.2764693861886
223064.6821604693	3209.2764693861886
224939.97949864995	3069.5328678335245
223064.6821604693	3209.2764693861886
223064.6821604693	3209.2764693861886
223064.6821604693	3209.2764693861886
223064.6821604693	3209.2764693861886
223064.6821604693	3209.2764693861886
223064.6821604693	3209.2764693861886
224939.97949864995	3069.5328678335245
223064.6821604693	3209.2764693861886
toanvd
212093.4295978951	3096.878479678353
212093.4295978951	3096.878479678353
212093.4295978951	3096.878479678353
210780.9385591462	3281.4487914938136
212093.4295978951	3096.878479678353
212093.4295978951	3096.878479678353
212093.4295978951	3096.878479678353
210780.9385591462	3281.4487914938136
212093.4295978951	3096.878479678353
212093.4295978951	3096.878479678353
212093.4295978951	3096.878479678353
212093.4295978951	3096.878479678353
212093.4295978951	3096.878479678353
212093.4295978951	3096.878479678353
212093.4295978951	3096.878479678353
212093.4295978951	3096.878479678353
212093.4295978951	3096.878479678353
212093.4295978951	3096.878479678353
212093.4295978951	3096.878479678353
212093.4295978951	3096.878479678353
212093.4295978951	3096.878479678353
212093.4295978951	3096.878479678353
212093.4295978951	3096.878479678353
212093.4295978951	3096.878479678353
212093.4295978951	3096.878479678353
212093.4295978951	3096.878479678353
212093.4295978951	3096.878479678353
212093.4295978951	3096.878479678353
212093.4295978951	3096.878479678353
212093.4295978951	3096.878479678353
212093.4295978951	3096.878479678353
212093.4295978951	3096.878479678353
212093.4295978951	3096.878479678353
212093.4295978951	3096.878479678353
212093.4295978951	3096.878479678353
212093.4295978951	3096.878479678353
212093.4295978951	3096.878479678353
212093.4295978951	3096.878479678353
212093.4295978951	3096.878479678353
212093.4295978951	3096.878479678353
212093.4295978951	3096.878479678353
212093.4295978951	3096.878479678353
212093.4295978951	3096.878479678353
212093.4295978951	3096.878479678353
212093.4295978951	3096.878479678353
212093.4295978951	3096.878479678353
212093.4295978951	3096.878479678353
212093.4295978951	3096.878479678353
210780.9385591462	3281.4487914938136
212093.4295978951	3096.878479678353
212093.4295978951	3096.878479678353
212093.4295978951	3096.878479678353
210780.9385591462	3281.4487914938136
212093.4295978951	3096.878479678353
212093.4295978951	3096.878479678353
210780.9385591462	3281.4487914938136
212093.4295978951	3096.878479678353
212093.4295978951	3096.878479678353
212093.4295978951	3096.878479678353
212093.4295978951	3096.878479678353
212093.4295978951	3096.878479678353
212093.4295978951	3096.878479678353
212093.4295978951	3096.878479678353
210780.9385591462	3281.4487914938136
210780.9385591462	3281.4487914938136
212093.4295978951	3096.878479678353
212093.4295978951	3096.878479678353
212093.4295978951	3096.878479678353
212093.4295978951	3096.878479678353
212093.4295978951	3096.878479678353
212093.4295978951	3096.878479678353
212093.4295978951	3096.878479678353
212093.4295978951	3096.878479678353
210780.9385591462	3281.4487914938136
212093.4295978951	3096.878479678353
212093.4295978951	3096.878479678353
212093.4295978951	3096.878479678353
210780.9385591462	3281.4487914938136
toanvd
219591.56430404415	3274.972656873298
219591.56430404415	3274.972656873298
toanvd
222962.6869352682	2892.6875933435927
222962.6869352682	2892.6875933435927
222962.6869352682	2892.6875933435927
222962.6869352682	2892.6875933435927
222962.6869352682	2892.6875933435927
toanvd
220630.9019738943	3208.5377666677273
220630.9019738943	3208.5377666677273
220630.9019738943	3208.5377666677273
220630.9019738943	3208.5377666677273
220630.9019738943	3208.5377666677273
220630.9019738943	3208.5377666677273
220630.9019738943	3208.5377666677273
220630.9019738943	3208.5377666677273
220630.9019738943	3208.5377666677273
220630.9019738943	3208.5377666677273
220630.9019738943	3208.5377666677273
220630.9019738943	3208.5377666677273
220630.9019738943	3208.5377666677273
220630.9019738943	3208.5377666677273
220630.9019738943	3208.5377666677273
220630.9019738943	3208.5377666677273
220630.9019738943	3208.5377666677273
220630.9019738943	3208.5377666677273
220630.9019738943	3208.5377666677273
220630.9019738943	3208.5377666677273
220630.9019738943	3208.5377666677273
220630.9019738943	3208.5377666677273
220630.9019738943	3208.5377666677273
220630.9019738943	3208.5377666677273
220630.9019738943	3208.5377666677273
220630.9019738943	3208.5377666677273
220630.9019738943	3208.5377666677273
220630.9019738943	3208.5377666677273
220630.9019738943	3208.5377666677273
220630.9019738943	3208.5377666677273
220630.9019738943	3208.5377666677273
220630.9019738943	3208.5377666677273
220630.9019738943	3208.5377666677273
220630.9019738943	3208.5377666677273
220630.9019738943	3208.5377666677273
220630.9019738943	3208.5377666677273
toanvd
219943.4631958103	3110.2449458074884
219943.4631958103	3110.2449458074884
219943.4631958103	3110.2449458074884
219943.4631958103	3110.2449458074884
219943.4631958103	3110.2449458074884
219943.4631958103	3110.2449458074884
219943.4631958103	3110.2449458074884
219943.4631958103	3110.2449458074884
219943.4631958103	3110.2449458074884
219943.4631958103	3110.2449458074884
219943.4631958103	3110.2449458074884
219943.4631958103	3110.2449458074884
219943.4631958103	3110.2449458074884
219943.4631958103	3110.2449458074884
219943.4631958103	3110.2449458074884
219943.4631958103	3110.2449458074884
219943.4631958103	3110.2449458074884
219943.4631958103	3110.2449458074884
219943.4631958103	3110.2449458074884
219943.4631958103	3110.2449458074884
219943.4631958103	3110.2449458074884
219943.4631958103	3110.2449458074884
219943.4631958103	3110.2449458074884
219943.4631958103	3110.2449458074884
219943.4631958103	3110.2449458074884
219943.4631958103	3110.2449458074884
219943.4631958103	3110.2449458074884
219943.4631958103	3110.2449458074884
219943.4631958103	3110.2449458074884
219943.4631958103	3110.2449458074884
219943.4631958103	3110.2449458074884
219943.4631958103	3110.2449458074884
219943.4631958103	3110.2449458074884
219943.4631958103	3110.2449458074884
219943.4631958103	3110.2449458074884
219943.4631958103	3110.2449458074884
219943.4631958103	3110.2449458074884
219943.4631958103	3110.2449458074884
219943.4631958103	3110.2449458074884
219943.4631958103	3110.2449458074884
219943.4631958103	3110.2449458074884
219943.4631958103	3110.2449458074884
219943.4631958103	3110.2449458074884
219943.4631958103	3110.2449458074884
219943.4631958103	3110.2449458074884
219943.4631958103	3110.2449458074884
219943.4631958103	3110.2449458074884
219943.4631958103	3110.2449458074884
219943.4631958103	3110.2449458074884
219943.4631958103	3110.2449458074884
219943.4631958103	3110.2449458074884
219943.4631958103	3110.2449458074884
219943.4631958103	3110.2449458074884
219943.4631958103	3110.2449458074884
219943.4631958103	3110.2449458074884
219943.4631958103	3110.2449458074884
219943.4631958103	3110.2449458074884
219943.4631958103	3110.2449458074884
219943.4631958103	3110.2449458074884
219943.4631958103	3110.2449458074884
219943.4631958103	3110.2449458074884
219943.4631958103	3110.2449458074884
219943.4631958103	3110.2449458074884
219943.4631958103	3110.2449458074884
219943.4631958103	3110.2449458074884
219943.4631958103	3110.2449458074884
219943.4631958103	3110.2449458074884
219943.4631958103	3110.2449458074884
219943.4631958103	3110.2449458074884
219943.4631958103	3110.2449458074884
219943.4631958103	3110.2449458074884
219943.4631958103	3110.2449458074884
219943.4631958103	3110.2449458074884
219943.4631958103	3110.2449458074884
219943.4631958103	3110.2449458074884
219943.4631958103	3110.2449458074884
219943.4631958103	3110.2449458074884
219943.4631958103	3110.2449458074884
219943.4631958103	3110.2449458074884
219943.4631958103	3110.2449458074884
219943.4631958103	3110.2449458074884
219943.4631958103	3110.2449458074884
219943.4631958103	3110.2449458074884
219943.4631958103	3110.2449458074884
219943.4631958103	3110.2449458074884
219943.4631958103	3110.2449458074884
219943.4631958103	3110.2449458074884
219943.4631958103	3110.2449458074884
219943.4631958103	3110.2449458074884
219943.4631958103	3110.2449458074884
219943.4631958103	3110.2449458074884
219943.4631958103	3110.2449458074884
219943.4631958103	3110.2449458074884
219943.4631958103	3110.2449458074884
219943.4631958103	3110.2449458074884
219943.4631958103	3110.2449458074884
219943.4631958103	3110.2449458074884
219943.4631958103	3110.2449458074884
219943.4631958103	3110.2449458074884
219943.4631958103	3110.2449458074884
219943.4631958103	3110.2449458074884
219943.4631958103	3110.2449458074884
219943.4631958103	3110.2449458074884
219943.4631958103	3110.2449458074884
219943.4631958103	3110.2449458074884
219943.4631958103	3110.2449458074884
219943.4631958103	3110.2449458074884
219943.4631958103	3110.2449458074884
219943.4631958103	3110.2449458074884
219943.4631958103	3110.2449458074884
219943.4631958103	3110.2449458074884
219943.4631958103	3110.2449458074884
219943.4631958103	3110.2449458074884
219943.4631958103	3110.2449458074884
219943.4631958103	3110.2449458074884
219943.4631958103	3110.2449458074884
219943.4631958103	3110.2449458074884
219943.4631958103	3110.2449458074884
219943.4631958103	3110.2449458074884
219943.4631958103	3110.2449458074884
219943.4631958103	3110.2449458074884
219943.4631958103	3110.2449458074884
219943.4631958103	3110.2449458074884
219943.4631958103	3110.2449458074884
219943.4631958103	3110.2449458074884
219943.4631958103	3110.2449458074884
219943.4631958103	3110.2449458074884
219943.4631958103	3110.2449458074884
219943.4631958103	3110.2449458074884
219943.4631958103	3110.2449458074884
219943.4631958103	3110.2449458074884
219943.4631958103	3110.2449458074884
219943.4631958103	3110.2449458074884
219943.4631958103	3110.2449458074884
219943.4631958103	3110.2449458074884
219943.4631958103	3110.2449458074884
219943.4631958103	3110.2449458074884
219943.4631958103	3110.2449458074884
219943.4631958103	3110.2449458074884
219943.4631958103	3110.2449458074884
219943.4631958103	3110.2449458074884
219943.4631958103	3110.2449458074884
219943.4631958103	3110.2449458074884
219943.4631958103	3110.2449458074884
219943.4631958103	3110.2449458074884
219943.4631958103	3110.2449458074884
219943.4631958103	3110.2449458074884
219943.4631958103	3110.2449458074884
219943.4631958103	3110.2449458074884
219943.4631958103	3110.2449458074884
219943.4631958103	3110.2449458074884
219943.4631958103	3110.2449458074884
219943.4631958103	3110.2449458074884
219943.4631958103	3110.2449458074884
219943.4631958103	3110.2449458074884
219943.4631958103	3110.2449458074884
219943.4631958103	3110.2449458074884
219943.4631958103	3110.2449458074884
219943.4631958103	3110.2449458074884
219943.4631958103	3110.2449458074884
219943.4631958103	3110.2449458074884
219943.4631958103	3110.2449458074884
219943.4631958103	3110.2449458074884
219943.4631958103	3110.2449458074884
219943.4631958103	3110.2449458074884
219943.4631958103	3110.2449458074884
219943.4631958103	3110.2449458074884
219943.4631958103	3110.2449458074884
219943.4631958103	3110.2449458074884
219943.4631958103	3110.2449458074884
219943.4631958103	3110.2449458074884
219943.4631958103	3110.2449458074884
219943.4631958103	3110.2449458074884
219943.4631958103	3110.2449458074884
219943.4631958103	3110.2449458074884
219943.4631958103	3110.2449458074884
219943.4631958103	3110.2449458074884
219943.4631958103	3110.2449458074884
219943.4631958103	3110.2449458074884
219943.4631958103	3110.2449458074884
219943.4631958103	3110.2449458074884
219943.4631958103	3110.2449458074884
219943.4631958103	3110.2449458074884
219943.4631958103	3110.2449458074884
219943.4631958103	3110.2449458074884
219943.4631958103	3110.2449458074884
219943.4631958103	3110.2449458074884
219943.4631958103	3110.2449458074884
219943.4631958103	3110.2449458074884
219943.4631958103	3110.2449458074884
219943.4631958103	3110.2449458074884
219943.4631958103	3110.2449458074884
219943.4631958103	3110.2449458074884
219943.4631958103	3110.2449458074884
219943.4631958103	3110.2449458074884
toanvd
219318.32122519874	3252.328762023874
218539.89502210036	3322.915240704938
219318.32122519874	3252.328762023874
219318.32122519874	3252.328762023874
toanvd
217240.0598465749	3429.0354450968407
217240.0598465749	3429.0354450968407
217240.0598465749	3429.0354450968407
217240.0598465749	3429.0354450968407
217240.0598465749	3429.0354450968407
217240.0598465749	3429.0354450968407
217240.0598465749	3429.0354450968407
217240.0598465749	3429.0354450968407
217240.0598465749	3429.0354450968407
217240.0598465749	3429.0354450968407
217240.0598465749	3429.0354450968407
217240.0598465749	3429.0354450968407
217240.0598465749	3429.0354450968407
217240.0598465749	3429.0354450968407
217240.0598465749	3429.0354450968407
217240.0598465749	3429.0354450968407
217240.0598465749	3429.0354450968407
217240.0598465749	3429.0354450968407
217240.0598465749	3429.0354450968407
217240.0598465749	3429.0354450968407
217240.0598465749	3429.0354450968407
217240.0598465749	3429.0354450968407
217240.0598465749	3429.0354450968407
217240.0598465749	3429.0354450968407
217240.0598465749	3429.0354450968407
217240.0598465749	3429.0354450968407
217240.0598465749	3429.0354450968407
217240.0598465749	3429.0354450968407
217240.0598465749	3429.0354450968407
217240.0598465749	3429.0354450968407
217240.0598465749	3429.0354450968407
217240.0598465749	3429.0354450968407
217240.0598465749	3429.0354450968407
217240.0598465749	3429.0354450968407
217240.0598465749	3429.0354450968407
217240.0598465749	3429.0354450968407
217240.0598465749	3429.0354450968407
217240.0598465749	3429.0354450968407
217240.0598465749	3429.0354450968407
217240.0598465749	3429.0354450968407
217240.0598465749	3429.0354450968407
217240.0598465749	3429.0354450968407
217240.0598465749	3429.0354450968407
217240.0598465749	3429.0354450968407
217240.0598465749	3429.0354450968407
217240.0598465749	3429.0354450968407
217240.0598465749	3429.0354450968407
217240.0598465749	3429.0354450968407
217240.0598465749	3429.0354450968407
217240.0598465749	3429.0354450968407
217240.0598465749	3429.0354450968407
217240.0598465749	3429.0354450968407
217240.0598465749	3429.0354450968407
217240.0598465749	3429.0354450968407
217240.0598465749	3429.0354450968407
217240.0598465749	3429.0354450968407
217240.0598465749	3429.0354450968407
217240.0598465749	3429.0354450968407
217240.0598465749	3429.0354450968407
217240.0598465749	3429.0354450968407
217240.0598465749	3429.0354450968407
217240.0598465749	3429.0354450968407
217240.0598465749	3429.0354450968407
217240.0598465749	3429.0354450968407
217240.0598465749	3429.0354450968407
217240.0598465749	3429.0354450968407
217240.0598465749	3429.0354450968407
217240.0598465749	3429.0354450968407
217240.0598465749	3429.0354450968407
217240.0598465749	3429.0354450968407
217240.0598465749	3429.0354450968407
217240.0598465749	3429.0354450968407
217240.0598465749	3429.0354450968407
217240.0598465749	3429.0354450968407
217240.0598465749	3429.0354450968407
217240.0598465749	3429.0354450968407
217240.0598465749	3429.0354450968407
217240.0598465749	3429.0354450968407
217240.0598465749	3429.0354450968407
217240.0598465749	3429.0354450968407
217240.0598465749	3429.0354450968407
217240.0598465749	3429.0354450968407
217240.0598465749	3429.0354450968407
217240.0598465749	3429.0354450968407
217240.0598465749	3429.0354450968407
217240.0598465749	3429.0354450968407
217240.0598465749	3429.0354450968407
217240.0598465749	3429.0354450968407
217240.0598465749	3429.0354450968407
217240.0598465749	3429.0354450968407
217240.0598465749	3429.0354450968407
217240.0598465749	3429.0354450968407
217240.0598465749	3429.0354450968407
217240.0598465749	3429.0354450968407
217240.0598465749	3429.0354450968407
217240.0598465749	3429.0354450968407
217240.0598465749	3429.0354450968407
217240.0598465749	3429.0354450968407
217240.0598465749	3429.0354450968407
217240.0598465749	3429.0354450968407
217240.0598465749	3429.0354450968407
217240.0598465749	3429.0354450968407
217240.0598465749	3429.0354450968407
217240.0598465749	3429.0354450968407
217240.0598465749	3429.0354450968407
217240.0598465749	3429.0354450968407
217240.0598465749	3429.0354450968407
217240.0598465749	3429.0354450968407
217240.0598465749	3429.0354450968407
217240.0598465749	3429.0354450968407
217240.0598465749	3429.0354450968407
217240.0598465749	3429.0354450968407
217240.0598465749	3429.0354450968407
217240.0598465749	3429.0354450968407
217240.0598465749	3429.0354450968407
217240.0598465749	3429.0354450968407
217240.0598465749	3429.0354450968407
217240.0598465749	3429.0354450968407
217240.0598465749	3429.0354450968407
217240.0598465749	3429.0354450968407
217240.0598465749	3429.0354450968407
217240.0598465749	3429.0354450968407
217240.0598465749	3429.0354450968407
217240.0598465749	3429.0354450968407
217240.0598465749	3429.0354450968407
217240.0598465749	3429.0354450968407
217240.0598465749	3429.0354450968407
217240.0598465749	3429.0354450968407
217240.0598465749	3429.0354450968407
217240.0598465749	3429.0354450968407
217240.0598465749	3429.0354450968407
217240.0598465749	3429.0354450968407
217240.0598465749	3429.0354450968407
217240.0598465749	3429.0354450968407
217240.0598465749	3429.0354450968407
217240.0598465749	3429.0354450968407
217240.0598465749	3429.0354450968407
217240.0598465749	3429.0354450968407
217240.0598465749	3429.0354450968407
217240.0598465749	3429.0354450968407
217240.0598465749	3429.0354450968407
217240.0598465749	3429.0354450968407
217240.0598465749	3429.0354450968407
217240.0598465749	3429.0354450968407
217240.0598465749	3429.0354450968407
217240.0598465749	3429.0354450968407
217240.0598465749	3429.0354450968407
217240.0598465749	3429.0354450968407
217240.0598465749	3429.0354450968407
217240.0598465749	3429.0354450968407
217240.0598465749	3429.0354450968407
217240.0598465749	3429.0354450968407
217240.0598465749	3429.0354450968407
217240.0598465749	3429.0354450968407
217240.0598465749	3429.0354450968407
217240.0598465749	3429.0354450968407
217240.0598465749	3429.0354450968407
217240.0598465749	3429.0354450968407
217240.0598465749	3429.0354450968407
217240.0598465749	3429.0354450968407
217240.0598465749	3429.0354450968407
217240.0598465749	3429.0354450968407
217240.0598465749	3429.0354450968407
217240.0598465749	3429.0354450968407
217240.0598465749	3429.0354450968407
217240.0598465749	3429.0354450968407
217240.0598465749	3429.0354450968407
217240.0598465749	3429.0354450968407
217240.0598465749	3429.0354450968407
217240.0598465749	3429.0354450968407
217240.0598465749	3429.0354450968407
217240.0598465749	3429.0354450968407
217240.0598465749	3429.0354450968407
217240.0598465749	3429.0354450968407
217240.0598465749	3429.0354450968407
217240.0598465749	3429.0354450968407
217240.0598465749	3429.0354450968407
217240.0598465749	3429.0354450968407
217240.0598465749	3429.0354450968407
217240.0598465749	3429.0354450968407
217240.0598465749	3429.0354450968407
217240.0598465749	3429.0354450968407
217240.0598465749	3429.0354450968407
217240.0598465749	3429.0354450968407
217240.0598465749	3429.0354450968407
217240.0598465749	3429.0354450968407
217240.0598465749	3429.0354450968407
217240.0598465749	3429.0354450968407
217240.0598465749	3429.0354450968407
217240.0598465749	3429.0354450968407
217240.0598465749	3429.0354450968407
217240.0598465749	3429.0354450968407
217240.0598465749	3429.0354450968407
217240.0598465749	3429.0354450968407
217240.0598465749	3429.0354450968407
217240.0598465749	3429.0354450968407
217240.0598465749	3429.0354450968407
217240.0598465749	3429.0354450968407
217240.0598465749	3429.0354450968407
217240.0598465749	3429.0354450968407
toanvd
217802.6788934702	3048.43370208392
217802.6788934702	3048.43370208392
217802.6788934702	3048.43370208392
217802.6788934702	3048.43370208392
217802.6788934702	3048.43370208392
217802.6788934702	3048.43370208392
217802.6788934702	3048.43370208392
217802.6788934702	3048.43370208392
217802.6788934702	3048.43370208392
217802.6788934702	3048.43370208392
217802.6788934702	3048.43370208392
217802.6788934702	3048.43370208392
217802.6788934702	3048.43370208392
217802.6788934702	3048.43370208392
217802.6788934702	3048.43370208392
217802.6788934702	3048.43370208392
217802.6788934702	3048.43370208392
217802.6788934702	3048.43370208392
217802.6788934702	3048.43370208392
217802.6788934702	3048.43370208392
217802.6788934702	3048.43370208392
217802.6788934702	3048.43370208392
217802.6788934702	3048.43370208392
217802.6788934702	3048.43370208392
217802.6788934702	3048.43370208392
217802.6788934702	3048.43370208392
217802.6788934702	3048.43370208392
217802.6788934702	3048.43370208392
217802.6788934702	3048.43370208392
217802.6788934702	3048.43370208392
217802.6788934702	3048.43370208392
217802.6788934702	3048.43370208392
217802.6788934702	3048.43370208392
217802.6788934702	3048.43370208392
217802.6788934702	3048.43370208392
217802.6788934702	3048.43370208392
217802.6788934702	3048.43370208392
217802.6788934702	3048.43370208392
217802.6788934702	3048.43370208392
217802.6788934702	3048.43370208392
217802.6788934702	3048.43370208392
217802.6788934702	3048.43370208392
217802.6788934702	3048.43370208392
217802.6788934702	3048.43370208392
217802.6788934702	3048.43370208392
217802.6788934702	3048.43370208392
217802.6788934702	3048.43370208392
toanvd
225736.52945775943	3118.9914721011824
225736.52945775943	3118.9914721011824
225736.52945775943	3118.9914721011824
225736.52945775943	3118.9914721011824
225736.52945775943	3118.9914721011824
225736.52945775943	3118.9914721011824
225736.52945775943	3118.9914721011824
225736.52945775943	3118.9914721011824
225736.52945775943	3118.9914721011824
225736.52945775943	3118.9914721011824
225736.52945775943	3118.9914721011824
225736.52945775943	3118.9914721011824
225736.52945775943	3118.9914721011824
225736.52945775943	3118.9914721011824
225736.52945775943	3118.9914721011824
225736.52945775943	3118.9914721011824
225736.52945775943	3118.9914721011824
225736.52945775943	3118.9914721011824
225736.52945775943	3118.9914721011824
225736.52945775943	3118.9914721011824
225736.52945775943	3118.9914721011824
225736.52945775943	3118.9914721011824
225736.52945775943	3118.9914721011824
225736.52945775943	3118.9914721011824
225736.52945775943	3118.9914721011824
225736.52945775943	3118.9914721011824
225736.52945775943	3118.9914721011824
225736.52945775943	3118.9914721011824
225736.52945775943	3118.9914721011824
225736.52945775943	3118.9914721011824
225736.52945775943	3118.9914721011824
225736.52945775943	3118.9914721011824
225736.52945775943	3118.9914721011824
225736.52945775943	3118.9914721011824
225736.52945775943	3118.9914721011824
225736.52945775943	3118.9914721011824
225736.52945775943	3118.9914721011824
225736.52945775943	3118.9914721011824
225736.52945775943	3118.9914721011824
225736.52945775943	3118.9914721011824
225736.52945775943	3118.9914721011824
225736.52945775943	3118.9914721011824
225736.52945775943	3118.9914721011824
225736.52945775943	3118.9914721011824
225736.52945775943	3118.9914721011824
225736.52945775943	3118.9914721011824
225736.52945775943	3118.9914721011824
225736.52945775943	3118.9914721011824
225736.52945775943	3118.9914721011824
225736.52945775943	3118.9914721011824
225736.52945775943	3118.9914721011824
225736.52945775943	3118.9914721011824
225736.52945775943	3118.9914721011824
225736.52945775943	3118.9914721011824
225736.52945775943	3118.9914721011824
225736.52945775943	3118.9914721011824
225736.52945775943	3118.9914721011824
225736.52945775943	3118.9914721011824
225736.52945775943	3118.9914721011824
225736.52945775943	3118.9914721011824
225736.52945775943	3118.9914721011824
225736.52945775943	3118.9914721011824
225736.52945775943	3118.9914721011824
225736.52945775943	3118.9914721011824
225736.52945775943	3118.9914721011824
225736.52945775943	3118.9914721011824
225736.52945775943	3118.9914721011824
toanvd
212200.28680007407	3306.731536761347
toanvd
215524.12258661207	3643.1202971068883
215524.12258661207	3643.1202971068883
215524.12258661207	3643.1202971068883
215524.12258661207	3643.1202971068883
215524.12258661207	3643.1202971068883
215524.12258661207	3643.1202971068883
215524.12258661207	3643.1202971068883
215524.12258661207	3643.1202971068883
215524.12258661207	3643.1202971068883
215524.12258661207	3643.1202971068883
215524.12258661207	3643.1202971068883
215524.12258661207	3643.1202971068883
215524.12258661207	3643.1202971068883
215708.4267640708	3077.3084254362884
215524.12258661207	3643.1202971068883
215524.12258661207	3643.1202971068883
215524.12258661207	3643.1202971068883
215524.12258661207	3643.1202971068883
215524.12258661207	3643.1202971068883
215524.12258661207	3643.1202971068883
215524.12258661207	3643.1202971068883
215708.4267640708	3077.3084254362884
215524.12258661207	3643.1202971068883
215524.12258661207	3643.1202971068883
215524.12258661207	3643.1202971068883
215524.12258661207	3643.1202971068883
215524.12258661207	3643.1202971068883
215524.12258661207	3643.1202971068883
215524.12258661207	3643.1202971068883
215524.12258661207	3643.1202971068883
215524.12258661207	3643.1202971068883
215524.12258661207	3643.1202971068883
215524.12258661207	3643.1202971068883
215524.12258661207	3643.1202971068883
215708.4267640708	3077.3084254362884
215524.12258661207	3643.1202971068883
215524.12258661207	3643.1202971068883
215524.12258661207	3643.1202971068883
215524.12258661207	3643.1202971068883
215524.12258661207	3643.1202971068883
215524.12258661207	3643.1202971068883
215708.4267640708	3077.3084254362884
215524.12258661207	3643.1202971068883
215524.12258661207	3643.1202971068883
215524.12258661207	3643.1202971068883
215708.4267640708	3077.3084254362884
215524.12258661207	3643.1202971068883
215524.12258661207	3643.1202971068883
215524.12258661207	3643.1202971068883
215524.12258661207	3643.1202971068883
215524.12258661207	3643.1202971068883
215524.12258661207	3643.1202971068883
215524.12258661207	3643.1202971068883
215524.12258661207	3643.1202971068883
215524.12258661207	3643.1202971068883
215524.12258661207	3643.1202971068883
215524.12258661207	3643.1202971068883
215524.12258661207	3643.1202971068883
215524.12258661207	3643.1202971068883
215524.12258661207	3643.1202971068883
215524.12258661207	3643.1202971068883
215524.12258661207	3643.1202971068883
215524.12258661207	3643.1202971068883
215708.4267640708	3077.3084254362884
215524.12258661207	3643.1202971068883
215524.12258661207	3643.1202971068883
215524.12258661207	3643.1202971068883
215524.12258661207	3643.1202971068883
215524.12258661207	3643.1202971068883
215708.4267640708	3077.3084254362884
215524.12258661207	3643.1202971068883
215524.12258661207	3643.1202971068883
215708.4267640708	3077.3084254362884
215524.12258661207	3643.1202971068883
215524.12258661207	3643.1202971068883
215524.12258661207	3643.1202971068883
215524.12258661207	3643.1202971068883
215524.12258661207	3643.1202971068883
215524.12258661207	3643.1202971068883
215524.12258661207	3643.1202971068883
215524.12258661207	3643.1202971068883
215708.4267640708	3077.3084254362884
215524.12258661207	3643.1202971068883
215524.12258661207	3643.1202971068883
215524.12258661207	3643.1202971068883
215524.12258661207	3643.1202971068883
215524.12258661207	3643.1202971068883
215524.12258661207	3643.1202971068883
215708.4267640708	3077.3084254362884
215524.12258661207	3643.1202971068883
215524.12258661207	3643.1202971068883
215524.12258661207	3643.1202971068883
215524.12258661207	3643.1202971068883
215524.12258661207	3643.1202971068883
215524.12258661207	3643.1202971068883
215524.12258661207	3643.1202971068883
215524.12258661207	3643.1202971068883
215708.4267640708	3077.3084254362884
215524.12258661207	3643.1202971068883
toanvd
225006.931323173	3168.7275794619886
225006.931323173	3168.7275794619886
225006.931323173	3168.7275794619886
225006.931323173	3168.7275794619886
225006.931323173	3168.7275794619886
225006.931323173	3168.7275794619886
225006.931323173	3168.7275794619886
225006.931323173	3168.7275794619886
225006.931323173	3168.7275794619886
225006.931323173	3168.7275794619886
219971.60500551108	3281.3653833846797
225006.931323173	3168.7275794619886
225006.931323173	3168.7275794619886
225006.931323173	3168.7275794619886
225006.931323173	3168.7275794619886
225006.931323173	3168.7275794619886
225006.931323173	3168.7275794619886
225006.931323173	3168.7275794619886
225006.931323173	3168.7275794619886
225006.931323173	3168.7275794619886
225006.931323173	3168.7275794619886
225006.931323173	3168.7275794619886
225006.931323173	3168.7275794619886
225006.931323173	3168.7275794619886
225006.931323173	3168.7275794619886
225006.931323173	3168.7275794619886
225006.931323173	3168.7275794619886
225006.931323173	3168.7275794619886
225006.931323173	3168.7275794619886
225006.931323173	3168.7275794619886
225006.931323173	3168.7275794619886
225006.931323173	3168.7275794619886
225006.931323173	3168.7275794619886
225006.931323173	3168.7275794619886
225006.931323173	3168.7275794619886
225006.931323173	3168.7275794619886
225006.931323173	3168.7275794619886
225006.931323173	3168.7275794619886
225006.931323173	3168.7275794619886
219330.47728803105	3476.374979325501
225006.931323173	3168.7275794619886
225006.931323173	3168.7275794619886
225006.931323173	3168.7275794619886
225006.931323173	3168.7275794619886
225006.931323173	3168.7275794619886
225006.931323173	3168.7275794619886
225006.931323173	3168.7275794619886
225006.931323173	3168.7275794619886
225006.931323173	3168.7275794619886
225006.931323173	3168.7275794619886
225006.931323173	3168.7275794619886
225006.931323173	3168.7275794619886
225006.931323173	3168.7275794619886
225006.931323173	3168.7275794619886
225006.931323173	3168.7275794619886
225006.931323173	3168.7275794619886
225006.931323173	3168.7275794619886
225006.931323173	3168.7275794619886
225006.931323173	3168.7275794619886
225006.931323173	3168.7275794619886
225006.931323173	3168.7275794619886
225006.931323173	3168.7275794619886
225006.931323173	3168.7275794619886
225006.931323173	3168.7275794619886
225006.931323173	3168.7275794619886
225006.931323173	3168.7275794619886
225006.931323173	3168.7275794619886
225006.931323173	3168.7275794619886
225006.931323173	3168.7275794619886
225006.931323173	3168.7275794619886
225006.931323173	3168.7275794619886
225006.931323173	3168.7275794619886
225006.931323173	3168.7275794619886
225006.931323173	3168.7275794619886
225006.931323173	3168.7275794619886
225006.931323173	3168.7275794619886
225006.931323173	3168.7275794619886
225006.931323173	3168.7275794619886
225006.931323173	3168.7275794619886
225006.931323173	3168.7275794619886
225006.931323173	3168.7275794619886
225006.931323173	3168.7275794619886
225006.931323173	3168.7275794619886
225006.931323173	3168.7275794619886
225006.931323173	3168.7275794619886
225006.931323173	3168.7275794619886
225006.931323173	3168.7275794619886
225006.931323173	3168.7275794619886
225006.931323173	3168.7275794619886
225006.931323173	3168.7275794619886
225006.931323173	3168.7275794619886
225006.931323173	3168.7275794619886
225006.931323173	3168.7275794619886
225006.931323173	3168.7275794619886
225006.931323173	3168.7275794619886
225006.931323173	3168.7275794619886
225006.931323173	3168.7275794619886
225006.931323173	3168.7275794619886
225006.931323173	3168.7275794619886
225006.931323173	3168.7275794619886
225006.931323173	3168.7275794619886
225006.931323173	3168.7275794619886
225006.931323173	3168.7275794619886
225006.931323173	3168.7275794619886
225006.931323173	3168.7275794619886
225006.931323173	3168.7275794619886
225006.931323173	3168.7275794619886
225006.931323173	3168.7275794619886
225006.931323173	3168.7275794619886
225006.931323173	3168.7275794619886
225006.931323173	3168.7275794619886
225006.931323173	3168.7275794619886
225006.931323173	3168.7275794619886
225006.931323173	3168.7275794619886
225006.931323173	3168.7275794619886
225006.931323173	3168.7275794619886
225006.931323173	3168.7275794619886
225006.931323173	3168.7275794619886
225006.931323173	3168.7275794619886
225006.931323173	3168.7275794619886
225006.931323173	3168.7275794619886
225006.931323173	3168.7275794619886
225006.931323173	3168.7275794619886
225006.931323173	3168.7275794619886
225006.931323173	3168.7275794619886
225006.931323173	3168.7275794619886
225006.931323173	3168.7275794619886
225006.931323173	3168.7275794619886
225006.931323173	3168.7275794619886
225006.931323173	3168.7275794619886
225006.931323173	3168.7275794619886
225006.931323173	3168.7275794619886
225006.931323173	3168.7275794619886
225006.931323173	3168.7275794619886
225006.931323173	3168.7275794619886
225006.931323173	3168.7275794619886
225006.931323173	3168.7275794619886
225006.931323173	3168.7275794619886
225006.931323173	3168.7275794619886
225006.931323173	3168.7275794619886
225006.931323173	3168.7275794619886
225006.931323173	3168.7275794619886
225006.931323173	3168.7275794619886
225006.931323173	3168.7275794619886
225006.931323173	3168.7275794619886
225006.931323173	3168.7275794619886
225006.931323173	3168.7275794619886
225006.931323173	3168.7275794619886
225006.931323173	3168.7275794619886
225006.931323173	3168.7275794619886
225006.931323173	3168.7275794619886
225006.931323173	3168.7275794619886
225006.931323173	3168.7275794619886
225006.931323173	3168.7275794619886
225006.931323173	3168.7275794619886
225006.931323173	3168.7275794619886
225006.931323173	3168.7275794619886
225006.931323173	3168.7275794619886
225006.931323173	3168.7275794619886
225006.931323173	3168.7275794619886
225006.931323173	3168.7275794619886
225006.931323173	3168.7275794619886
225006.931323173	3168.7275794619886
225006.931323173	3168.7275794619886
221362.68155235308	3221.869825851512
225006.931323173	3168.7275794619886
225006.931323173	3168.7275794619886
225006.931323173	3168.7275794619886
225006.931323173	3168.7275794619886
225006.931323173	3168.7275794619886
225006.931323173	3168.7275794619886
225006.931323173	3168.7275794619886
225006.931323173	3168.7275794619886
225006.931323173	3168.7275794619886
225006.931323173	3168.7275794619886
225006.931323173	3168.7275794619886
225006.931323173	3168.7275794619886
225006.931323173	3168.7275794619886
225006.931323173	3168.7275794619886
225006.931323173	3168.7275794619886
225006.931323173	3168.7275794619886
225006.931323173	3168.7275794619886
225006.931323173	3168.7275794619886
225006.931323173	3168.7275794619886
225006.931323173	3168.7275794619886
225006.931323173	3168.7275794619886
225006.931323173	3168.7275794619886
225006.931323173	3168.7275794619886
225006.931323173	3168.7275794619886
225006.931323173	3168.7275794619886
225006.931323173	3168.7275794619886
225006.931323173	3168.7275794619886
225006.931323173	3168.7275794619886
225006.931323173	3168.7275794619886
225006.931323173	3168.7275794619886
225006.931323173	3168.7275794619886
225006.931323173	3168.7275794619886
225006.931323173	3168.7275794619886
225006.931323173	3168.7275794619886
225006.931323173	3168.7275794619886
toanvd
219039.78728176013	3035.0068409814776
219079.66446332893	3033.880493581951
toanvd
211266.38090578347	3252.0687347135067
toanvd
214864.66503811182	3110.981426533568
214864.66503811182	3110.981426533568
214864.66503811182	3110.981426533568
214864.66503811182	3110.981426533568
215349.96966999955	3022.483155526446
214864.66503811182	3110.981426533568
215349.96966999955	3022.483155526446
214864.66503811182	3110.981426533568
214864.66503811182	3110.981426533568
215349.96966999955	3022.483155526446
214864.66503811182	3110.981426533568
214864.66503811182	3110.981426533568
214864.66503811182	3110.981426533568
214864.66503811182	3110.981426533568
214864.66503811182	3110.981426533568
214864.66503811182	3110.981426533568
214864.66503811182	3110.981426533568
215349.96966999955	3022.483155526446
214864.66503811182	3110.981426533568
214864.66503811182	3110.981426533568
214864.66503811182	3110.981426533568
214864.66503811182	3110.981426533568
214864.66503811182	3110.981426533568
214864.66503811182	3110.981426533568
214864.66503811182	3110.981426533568
214864.66503811182	3110.981426533568
214864.66503811182	3110.981426533568
214864.66503811182	3110.981426533568
214864.66503811182	3110.981426533568
214864.66503811182	3110.981426533568
214864.66503811182	3110.981426533568
214864.66503811182	3110.981426533568
214864.66503811182	3110.981426533568
214864.66503811182	3110.981426533568
214864.66503811182	3110.981426533568
214864.66503811182	3110.981426533568
toanvd
220857.12887831256	3401.6970762522133
220857.12887831256	3401.6970762522133
220857.12887831256	3401.6970762522133
220857.12887831256	3401.6970762522133
220857.12887831256	3401.6970762522133
220857.12887831256	3401.6970762522133
220915.89650504792	3344.579827423661
220857.12887831256	3401.6970762522133
220857.12887831256	3401.6970762522133
220857.12887831256	3401.6970762522133
220857.12887831256	3401.6970762522133
220857.12887831256	3401.6970762522133
220857.12887831256	3401.6970762522133
220857.12887831256	3401.6970762522133
220857.12887831256	3401.6970762522133
220857.12887831256	3401.6970762522133
220857.12887831256	3401.6970762522133
220857.12887831256	3401.6970762522133
220857.12887831256	3401.6970762522133
220857.12887831256	3401.6970762522133
220857.12887831256	3401.6970762522133
220857.12887831256	3401.6970762522133
220857.12887831256	3401.6970762522133
220857.12887831256	3401.6970762522133
220857.12887831256	3401.6970762522133
220857.12887831256	3401.6970762522133
220857.12887831256	3401.6970762522133
220857.12887831256	3401.6970762522133
220857.12887831256	3401.6970762522133
220857.12887831256	3401.6970762522133
220857.12887831256	3401.6970762522133
220857.12887831256	3401.6970762522133
220857.12887831256	3401.6970762522133
220857.12887831256	3401.6970762522133
220857.12887831256	3401.6970762522133
220857.12887831256	3401.6970762522133
220857.12887831256	3401.6970762522133
220857.12887831256	3401.6970762522133
220857.12887831256	3401.6970762522133
220857.12887831256	3401.6970762522133
220857.12887831256	3401.6970762522133
220857.12887831256	3401.6970762522133
220857.12887831256	3401.6970762522133
220857.12887831256	3401.6970762522133
220857.12887831256	3401.6970762522133
220857.12887831256	3401.6970762522133
220857.12887831256	3401.6970762522133
220857.12887831256	3401.6970762522133
220857.12887831256	3401.6970762522133
220857.12887831256	3401.6970762522133
220857.12887831256	3401.6970762522133
220857.12887831256	3401.6970762522133
220857.12887831256	3401.6970762522133
220857.12887831256	3401.6970762522133
220857.12887831256	3401.6970762522133
220857.12887831256	3401.6970762522133
220857.12887831256	3401.6970762522133
220857.12887831256	3401.6970762522133
220857.12887831256	3401.6970762522133
220857.12887831256	3401.6970762522133
220857.12887831256	3401.6970762522133
220857.12887831256	3401.6970762522133
220857.12887831256	3401.6970762522133
220857.12887831256	3401.6970762522133
220857.12887831256	3401.6970762522133
220857.12887831256	3401.6970762522133
220857.12887831256	3401.6970762522133
220857.12887831256	3401.6970762522133
220857.12887831256	3401.6970762522133
220857.12887831256	3401.6970762522133
220857.12887831256	3401.6970762522133
220857.12887831256	3401.6970762522133
220857.12887831256	3401.6970762522133
220857.12887831256	3401.6970762522133
220857.12887831256	3401.6970762522133
220857.12887831256	3401.6970762522133
220857.12887831256	3401.6970762522133
220857.12887831256	3401.6970762522133
220857.12887831256	3401.6970762522133
220857.12887831256	3401.6970762522133
220857.12887831256	3401.6970762522133
220857.12887831256	3401.6970762522133
220857.12887831256	3401.6970762522133
220857.12887831256	3401.6970762522133
220857.12887831256	3401.6970762522133
220857.12887831256	3401.6970762522133
220857.12887831256	3401.6970762522133
220857.12887831256	3401.6970762522133
220857.12887831256	3401.6970762522133
220857.12887831256	3401.6970762522133
220857.12887831256	3401.6970762522133
220857.12887831256	3401.6970762522133
220857.12887831256	3401.6970762522133
220857.12887831256	3401.6970762522133
220857.12887831256	3401.6970762522133
220857.12887831256	3401.6970762522133
220857.12887831256	3401.6970762522133
220857.12887831256	3401.6970762522133
220857.12887831256	3401.6970762522133
220857.12887831256	3401.6970762522133
220857.12887831256	3401.6970762522133
220857.12887831256	3401.6970762522133
220857.12887831256	3401.6970762522133
220857.12887831256	3401.6970762522133
220857.12887831256	3401.6970762522133
220857.12887831256	3401.6970762522133
220857.12887831256	3401.6970762522133
220857.12887831256	3401.6970762522133
220857.12887831256	3401.6970762522133
220857.12887831256	3401.6970762522133
220857.12887831256	3401.6970762522133
220857.12887831256	3401.6970762522133
220857.12887831256	3401.6970762522133
220857.12887831256	3401.6970762522133
220857.12887831256	3401.6970762522133
220857.12887831256	3401.6970762522133
220857.12887831256	3401.6970762522133
220857.12887831256	3401.6970762522133
220857.12887831256	3401.6970762522133
220857.12887831256	3401.6970762522133
220857.12887831256	3401.6970762522133
220857.12887831256	3401.6970762522133
220857.12887831256	3401.6970762522133
220857.12887831256	3401.6970762522133
220857.12887831256	3401.6970762522133
220857.12887831256	3401.6970762522133
220857.12887831256	3401.6970762522133
220857.12887831256	3401.6970762522133
220857.12887831256	3401.6970762522133
220857.12887831256	3401.6970762522133
220857.12887831256	3401.6970762522133
220857.12887831256	3401.6970762522133
220857.12887831256	3401.6970762522133
220857.12887831256	3401.6970762522133
220857.12887831256	3401.6970762522133
220857.12887831256	3401.6970762522133
220857.12887831256	3401.6970762522133
220857.12887831256	3401.6970762522133
220857.12887831256	3401.6970762522133
220857.12887831256	3401.6970762522133
220857.12887831256	3401.6970762522133
220857.12887831256	3401.6970762522133
220857.12887831256	3401.6970762522133
220857.12887831256	3401.6970762522133
220857.12887831256	3401.6970762522133
toanvd
222950.025623044	3253.159989547811
223641.44814520256	3072.0980607133256
223641.44814520256	3072.0980607133256
223641.44814520256	3072.0980607133256
223641.44814520256	3072.0980607133256
223641.44814520256	3072.0980607133256
223641.44814520256	3072.0980607133256
223641.44814520256	3072.0980607133256
223641.44814520256	3072.0980607133256
223641.44814520256	3072.0980607133256
223641.44814520256	3072.0980607133256
223641.44814520256	3072.0980607133256
223641.44814520256	3072.0980607133256
223641.44814520256	3072.0980607133256
223641.44814520256	3072.0980607133256
223641.44814520256	3072.0980607133256
toanvd
213316.84149015875	3471.1522309526495
213316.84149015875	3471.1522309526495
213316.84149015875	3471.1522309526495
213316.84149015875	3471.1522309526495
213316.84149015875	3471.1522309526495
213316.84149015875	3471.1522309526495
213940.8858625518	3431.4814850528214
213316.84149015875	3471.1522309526495
213316.84149015875	3471.1522309526495
213316.84149015875	3471.1522309526495
213316.84149015875	3471.1522309526495
213316.84149015875	3471.1522309526495
213316.84149015875	3471.1522309526495
213316.84149015875	3471.1522309526495
213316.84149015875	3471.1522309526495
213316.84149015875	3471.1522309526495
213316.84149015875	3471.1522309526495
213316.84149015875	3471.1522309526495
213316.84149015875	3471.1522309526495
213316.84149015875	3471.1522309526495
213316.84149015875	3471.1522309526495
213316.84149015875	3471.1522309526495
213316.84149015875	3471.1522309526495
213316.84149015875	3471.1522309526495
213316.84149015875	3471.1522309526495
213316.84149015875	3471.1522309526495
213316.84149015875	3471.1522309526495
213316.84149015875	3471.1522309526495
213316.84149015875	3471.1522309526495
213316.84149015875	3471.1522309526495
213316.84149015875	3471.1522309526495
213316.84149015875	3471.1522309526495
213316.84149015875	3471.1522309526495
213316.84149015875	3471.1522309526495
213316.84149015875	3471.1522309526495
213316.84149015875	3471.1522309526495
213316.84149015875	3471.1522309526495
toanvd
223844.06286548768	3139.493216682717
223844.06286548768	3139.493216682717
223844.06286548768	3139.493216682717
223844.06286548768	3139.493216682717
221803.54804728623	3299.2995548359736
221803.54804728623	3299.2995548359736
221803.54804728623	3299.2995548359736
221803.54804728623	3299.2995548359736
221803.54804728623	3299.2995548359736
221803.54804728623	3299.2995548359736
221803.54804728623	3299.2995548359736
221803.54804728623	3299.2995548359736
221803.54804728623	3299.2995548359736
221803.54804728623	3299.2995548359736
221803.54804728623	3299.2995548359736
221803.54804728623	3299.2995548359736
221803.54804728623	3299.2995548359736
221803.54804728623	3299.2995548359736
221803.54804728623	3299.2995548359736
221803.54804728623	3299.2995548359736
221803.54804728623	3299.2995548359736
221803.54804728623	3299.2995548359736
221803.54804728623	3299.2995548359736
221803.54804728623	3299.2995548359736
221803.54804728623	3299.2995548359736
221803.54804728623	3299.2995548359736
221803.54804728623	3299.2995548359736
toanvd
231344.02143307021	3142.568002358224
225228.1322756665	3415.077071339486
227534.37394505885	3169.8121833005966
227534.37394505885	3169.8121833005966
231344.02143307021	3142.568002358224
231344.02143307021	3142.568002358224
225228.1322756665	3415.077071339486
231344.02143307021	3142.568002358224
231344.02143307021	3142.568002358224
225228.1322756665	3415.077071339486
231344.02143307021	3142.568002358224
231344.02143307021	3142.568002358224
231344.02143307021	3142.568002358224
227534.37394505885	3169.8121833005966
225228.1322756665	3415.077071339486
225228.1322756665	3415.077071339486
231344.02143307021	3142.568002358224
227534.37394505885	3169.8121833005966
225228.1322756665	3415.077071339486
227534.37394505885	3169.8121833005966
227534.37394505885	3169.8121833005966
225228.1322756665	3415.077071339486
225228.1322756665	3415.077071339486
231344.02143307021	3142.568002358224
225228.1322756665	3415.077071339486
225228.1322756665	3415.077071339486
231344.02143307021	3142.568002358224
225228.1322756665	3415.077071339486
225228.1322756665	3415.077071339486
231344.02143307021	3142.568002358224
227534.37394505885	3169.8121833005966
227534.37394505885	3169.8121833005966
toanvd
216283.38492440776	3187.7788421843634
216283.38492440776	3187.7788421843634
216283.38492440776	3187.7788421843634
216283.38492440776	3187.7788421843634
216283.38492440776	3187.7788421843634
216283.38492440776	3187.7788421843634
216283.38492440776	3187.7788421843634
216283.38492440776	3187.7788421843634
216283.38492440776	3187.7788421843634
216283.38492440776	3187.7788421843634
216283.38492440776	3187.7788421843634
216283.38492440776	3187.7788421843634
216283.38492440776	3187.7788421843634
216283.38492440776	3187.7788421843634
216283.38492440776	3187.7788421843634
216283.38492440776	3187.7788421843634
216283.38492440776	3187.7788421843634
216283.38492440776	3187.7788421843634
216283.38492440776	3187.7788421843634
216283.38492440776	3187.7788421843634
216283.38492440776	3187.7788421843634
216283.38492440776	3187.7788421843634
216283.38492440776	3187.7788421843634
216283.38492440776	3187.7788421843634
216283.38492440776	3187.7788421843634
216283.38492440776	3187.7788421843634
216283.38492440776	3187.7788421843634
216283.38492440776	3187.7788421843634
216283.38492440776	3187.7788421843634
216283.38492440776	3187.7788421843634
216283.38492440776	3187.7788421843634
216283.38492440776	3187.7788421843634
216283.38492440776	3187.7788421843634
216283.38492440776	3187.7788421843634
216283.38492440776	3187.7788421843634
216283.38492440776	3187.7788421843634
216283.38492440776	3187.7788421843634
216283.38492440776	3187.7788421843634
216283.38492440776	3187.7788421843634
216283.38492440776	3187.7788421843634
toanvd
221975.25299888142	3078.053403105384
221975.25299888142	3078.053403105384
221975.25299888142	3078.053403105384
221975.25299888142	3078.053403105384
221975.25299888142	3078.053403105384
221975.25299888142	3078.053403105384
221975.25299888142	3078.053403105384
221975.25299888142	3078.053403105384
221975.25299888142	3078.053403105384
221975.25299888142	3078.053403105384
221975.25299888142	3078.053403105384
221975.25299888142	3078.053403105384
221975.25299888142	3078.053403105384
221975.25299888142	3078.053403105384
221975.25299888142	3078.053403105384
221975.25299888142	3078.053403105384
221975.25299888142	3078.053403105384
221975.25299888142	3078.053403105384
221975.25299888142	3078.053403105384
221975.25299888142	3078.053403105384
221975.25299888142	3078.053403105384
221975.25299888142	3078.053403105384
221975.25299888142	3078.053403105384
221975.25299888142	3078.053403105384
221975.25299888142	3078.053403105384
221975.25299888142	3078.053403105384
221975.25299888142	3078.053403105384
221975.25299888142	3078.053403105384
221975.25299888142	3078.053403105384
221975.25299888142	3078.053403105384
221975.25299888142	3078.053403105384
221975.25299888142	3078.053403105384
221975.25299888142	3078.053403105384
221975.25299888142	3078.053403105384
221975.25299888142	3078.053403105384
221975.25299888142	3078.053403105384
221975.25299888142	3078.053403105384
221975.25299888142	3078.053403105384
221975.25299888142	3078.053403105384
221975.25299888142	3078.053403105384
221975.25299888142	3078.053403105384
221975.25299888142	3078.053403105384
221975.25299888142	3078.053403105384
221975.25299888142	3078.053403105384
221975.25299888142	3078.053403105384
221975.25299888142	3078.053403105384
221975.25299888142	3078.053403105384
221975.25299888142	3078.053403105384
221975.25299888142	3078.053403105384
221975.25299888142	3078.053403105384
221975.25299888142	3078.053403105384
221975.25299888142	3078.053403105384
221975.25299888142	3078.053403105384
221975.25299888142	3078.053403105384
221975.25299888142	3078.053403105384
221975.25299888142	3078.053403105384
221975.25299888142	3078.053403105384
221975.25299888142	3078.053403105384
221975.25299888142	3078.053403105384
221975.25299888142	3078.053403105384
221975.25299888142	3078.053403105384
221975.25299888142	3078.053403105384
221975.25299888142	3078.053403105384
221975.25299888142	3078.053403105384
221975.25299888142	3078.053403105384
221975.25299888142	3078.053403105384
221975.25299888142	3078.053403105384
221975.25299888142	3078.053403105384
221975.25299888142	3078.053403105384
221975.25299888142	3078.053403105384
221975.25299888142	3078.053403105384
221975.25299888142	3078.053403105384
221975.25299888142	3078.053403105384
221975.25299888142	3078.053403105384
221975.25299888142	3078.053403105384
221975.25299888142	3078.053403105384
221975.25299888142	3078.053403105384
221975.25299888142	3078.053403105384
221975.25299888142	3078.053403105384
221975.25299888142	3078.053403105384
221975.25299888142	3078.053403105384
221975.25299888142	3078.053403105384
221975.25299888142	3078.053403105384
221975.25299888142	3078.053403105384
221975.25299888142	3078.053403105384
221975.25299888142	3078.053403105384
221975.25299888142	3078.053403105384
221975.25299888142	3078.053403105384
221975.25299888142	3078.053403105384
221975.25299888142	3078.053403105384
221975.25299888142	3078.053403105384
221975.25299888142	3078.053403105384
221975.25299888142	3078.053403105384
221975.25299888142	3078.053403105384
221975.25299888142	3078.053403105384
221975.25299888142	3078.053403105384
221975.25299888142	3078.053403105384
221975.25299888142	3078.053403105384
221975.25299888142	3078.053403105384
221975.25299888142	3078.053403105384
221975.25299888142	3078.053403105384
221975.25299888142	3078.053403105384
221975.25299888142	3078.053403105384
221975.25299888142	3078.053403105384
221975.25299888142	3078.053403105384
221975.25299888142	3078.053403105384
221975.25299888142	3078.053403105384
221975.25299888142	3078.053403105384
221975.25299888142	3078.053403105384
221975.25299888142	3078.053403105384
221975.25299888142	3078.053403105384
221975.25299888142	3078.053403105384
221975.25299888142	3078.053403105384
221975.25299888142	3078.053403105384
221975.25299888142	3078.053403105384
221975.25299888142	3078.053403105384
221975.25299888142	3078.053403105384
221975.25299888142	3078.053403105384
221975.25299888142	3078.053403105384
221975.25299888142	3078.053403105384
221975.25299888142	3078.053403105384
221975.25299888142	3078.053403105384
221975.25299888142	3078.053403105384
221975.25299888142	3078.053403105384
221975.25299888142	3078.053403105384
221975.25299888142	3078.053403105384
221975.25299888142	3078.053403105384
221975.25299888142	3078.053403105384
toanvd
218122.94338688324	3509.779381758147
218122.94338688324	3509.779381758147
218122.94338688324	3509.779381758147
218122.94338688324	3509.779381758147
218122.94338688324	3509.779381758147
218122.94338688324	3509.779381758147
218122.94338688324	3509.779381758147
218122.94338688324	3509.779381758147
218122.94338688324	3509.779381758147
218326.7373103431	3253.980936883415
218326.7373103431	3253.980936883415
218326.7373103431	3253.980936883415
218122.94338688324	3509.779381758147
toanvd
212978.9459944782	2833.408083491146
212978.9459944782	2833.408083491146
212978.9459944782	2833.408083491146
212978.9459944782	2833.408083491146
212635.43747113616	2897.643130647354
toanvd
219899.24064340355	3193.101947464269
219884.35751256844	3262.4275537633034
219899.24064340355	3193.101947464269
219884.35751256844	3262.4275537633034
219884.35751256844	3262.4275537633034
219884.35751256844	3262.4275537633034
219899.24064340355	3193.101947464269
219899.24064340355	3193.101947464269
219899.24064340355	3193.101947464269
219899.24064340355	3193.101947464269
219884.35751256844	3262.4275537633034
219884.35751256844	3262.4275537633034
219899.24064340355	3193.101947464269
219899.24064340355	3193.101947464269
219884.35751256844	3262.4275537633034
219884.35751256844	3262.4275537633034
toanvd
219882.22650409915	3168.856678668392
219882.22650409915	3168.856678668392
219882.22650409915	3168.856678668392
219882.22650409915	3168.856678668392
219882.22650409915	3168.856678668392
219980.7655341263	3149.033008104601
219882.22650409915	3168.856678668392
toanvd
220435.14676219516	3142.568002358224
toanvd
217498.58995329976	3186.846895596531
217794.97829057672	3085.982657152687
217794.97829057672	3085.982657152687
217794.97829057672	3085.982657152687
218136.88958703587	3077.352039740479
218136.88958703587	3077.352039740479
218136.88958703587	3077.352039740479
218136.88958703587	3077.352039740479
218136.88958703587	3077.352039740479
218136.88958703587	3077.352039740479
218136.88958703587	3077.352039740479
218136.88958703587	3077.352039740479
218136.88958703587	3077.352039740479
218136.88958703587	3077.352039740479
218136.88958703587	3077.352039740479
218136.88958703587	3077.352039740479
218136.88958703587	3077.352039740479
218136.88958703587	3077.352039740479
218136.88958703587	3077.352039740479
218136.88958703587	3077.352039740479
218136.88958703587	3077.352039740479
218136.88958703587	3077.352039740479
218136.88958703587	3077.352039740479
218136.88958703587	3077.352039740479
218136.88958703587	3077.352039740479
218136.88958703587	3077.352039740479
218136.88958703587	3077.352039740479
218136.88958703587	3077.352039740479
218136.88958703587	3077.352039740479
218136.88958703587	3077.352039740479
218136.88958703587	3077.352039740479
218136.88958703587	3077.352039740479
218136.88958703587	3077.352039740479
218136.88958703587	3077.352039740479
218136.88958703587	3077.352039740479
218136.88958703587	3077.352039740479
218136.88958703587	3077.352039740479
218136.88958703587	3077.352039740479
218136.88958703587	3077.352039740479
218136.88958703587	3077.352039740479
218136.88958703587	3077.352039740479
218136.88958703587	3077.352039740479
218136.88958703587	3077.352039740479
218136.88958703587	3077.352039740479
218136.88958703587	3077.352039740479
218136.88958703587	3077.352039740479
218136.88958703587	3077.352039740479
218136.88958703587	3077.352039740479
218136.88958703587	3077.352039740479
218136.88958703587	3077.352039740479
218136.88958703587	3077.352039740479
218136.88958703587	3077.352039740479
218136.88958703587	3077.352039740479
218136.88958703587	3077.352039740479
218136.88958703587	3077.352039740479
218136.88958703587	3077.352039740479
218136.88958703587	3077.352039740479
218136.88958703587	3077.352039740479
218136.88958703587	3077.352039740479
218136.88958703587	3077.352039740479
218136.88958703587	3077.352039740479
218136.88958703587	3077.352039740479
218136.88958703587	3077.352039740479
218136.88958703587	3077.352039740479
218136.88958703587	3077.352039740479
218136.88958703587	3077.352039740479
218136.88958703587	3077.352039740479
218136.88958703587	3077.352039740479
218136.88958703587	3077.352039740479
218136.88958703587	3077.352039740479
218136.88958703587	3077.352039740479
218136.88958703587	3077.352039740479
218136.88958703587	3077.352039740479
218136.88958703587	3077.352039740479
218136.88958703587	3077.352039740479
218136.88958703587	3077.352039740479
218136.88958703587	3077.352039740479
218136.88958703587	3077.352039740479
218136.88958703587	3077.352039740479
218136.88958703587	3077.352039740479
218136.88958703587	3077.352039740479
218136.88958703587	3077.352039740479
218136.88958703587	3077.352039740479
218136.88958703587	3077.352039740479
218136.88958703587	3077.352039740479
218136.88958703587	3077.352039740479
218136.88958703587	3077.352039740479
218136.88958703587	3077.352039740479
218136.88958703587	3077.352039740479
218136.88958703587	3077.352039740479
218136.88958703587	3077.352039740479
218136.88958703587	3077.352039740479
218136.88958703587	3077.352039740479
218136.88958703587	3077.352039740479
218136.88958703587	3077.352039740479
218136.88958703587	3077.352039740479
218136.88958703587	3077.352039740479
218136.88958703587	3077.352039740479
218136.88958703587	3077.352039740479
218136.88958703587	3077.352039740479
218136.88958703587	3077.352039740479
218136.88958703587	3077.352039740479
218136.88958703587	3077.352039740479
218136.88958703587	3077.352039740479
218136.88958703587	3077.352039740479
218136.88958703587	3077.352039740479
218136.88958703587	3077.352039740479
218136.88958703587	3077.352039740479
218136.88958703587	3077.352039740479
218136.88958703587	3077.352039740479
218136.88958703587	3077.352039740479
218136.88958703587	3077.352039740479
218136.88958703587	3077.352039740479
218136.88958703587	3077.352039740479
218136.88958703587	3077.352039740479
218136.88958703587	3077.352039740479
218136.88958703587	3077.352039740479
218136.88958703587	3077.352039740479
218136.88958703587	3077.352039740479
218136.88958703587	3077.352039740479
218136.88958703587	3077.352039740479
218136.88958703587	3077.352039740479
218136.88958703587	3077.352039740479
218136.88958703587	3077.352039740479
218136.88958703587	3077.352039740479
218136.88958703587	3077.352039740479
218136.88958703587	3077.352039740479
218136.88958703587	3077.352039740479
218136.88958703587	3077.352039740479
218136.88958703587	3077.352039740479
218136.88958703587	3077.352039740479
218136.88958703587	3077.352039740479
218136.88958703587	3077.352039740479
218136.88958703587	3077.352039740479
218136.88958703587	3077.352039740479
218136.88958703587	3077.352039740479
218136.88958703587	3077.352039740479
218136.88958703587	3077.352039740479
218136.88958703587	3077.352039740479
218136.88958703587	3077.352039740479
218136.88958703587	3077.352039740479
218136.88958703587	3077.352039740479
218136.88958703587	3077.352039740479
218136.88958703587	3077.352039740479
218136.88958703587	3077.352039740479
218136.88958703587	3077.352039740479
218136.88958703587	3077.352039740479
218136.88958703587	3077.352039740479
218136.88958703587	3077.352039740479
218136.88958703587	3077.352039740479
218136.88958703587	3077.352039740479
218136.88958703587	3077.352039740479
218136.88958703587	3077.352039740479
218136.88958703587	3077.352039740479
218136.88958703587	3077.352039740479
218136.88958703587	3077.352039740479
218136.88958703587	3077.352039740479
218136.88958703587	3077.352039740479
218136.88958703587	3077.352039740479
218136.88958703587	3077.352039740479
218136.88958703587	3077.352039740479
218136.88958703587	3077.352039740479
218136.88958703587	3077.352039740479
218136.88958703587	3077.352039740479
218136.88958703587	3077.352039740479
218136.88958703587	3077.352039740479
218136.88958703587	3077.352039740479
218136.88958703587	3077.352039740479
218136.88958703587	3077.352039740479
218136.88958703587	3077.352039740479
toanvd
219219.84265323842	3091.7720963578354
219219.84265323842	3091.7720963578354
218920.5635062387	3101.058041065885
219219.84265323842	3091.7720963578354
219219.84265323842	3091.7720963578354
219219.84265323842	3091.7720963578354
219219.84265323842	3091.7720963578354
219219.84265323842	3091.7720963578354
toanvd
215649.71719529975	3012.6503561464497
toanvd
217830.15392341107	3065.9314657471814
217830.15392341107	3065.9314657471814
217830.15392341107	3065.9314657471814
217830.15392341107	3065.9314657471814
217830.15392341107	3065.9314657471814
217830.15392341107	3065.9314657471814
217830.15392341107	3065.9314657471814
217830.15392341107	3065.9314657471814
217830.15392341107	3065.9314657471814
217830.15392341107	3065.9314657471814
217830.15392341107	3065.9314657471814
217830.15392341107	3065.9314657471814
217830.15392341107	3065.9314657471814
217830.15392341107	3065.9314657471814
217830.15392341107	3065.9314657471814
217830.15392341107	3065.9314657471814
217830.15392341107	3065.9314657471814
217830.15392341107	3065.9314657471814
217830.15392341107	3065.9314657471814
217830.15392341107	3065.9314657471814
217830.15392341107	3065.9314657471814
217830.15392341107	3065.9314657471814
217830.15392341107	3065.9314657471814
217830.15392341107	3065.9314657471814
217860.53389518734	3030.1349349712555
217830.15392341107	3065.9314657471814
217830.15392341107	3065.9314657471814
217830.15392341107	3065.9314657471814
217830.15392341107	3065.9314657471814
217830.15392341107	3065.9314657471814
217830.15392341107	3065.9314657471814
217830.15392341107	3065.9314657471814
217830.15392341107	3065.9314657471814
217830.15392341107	3065.9314657471814
217830.15392341107	3065.9314657471814
217830.15392341107	3065.9314657471814
217830.15392341107	3065.9314657471814
217830.15392341107	3065.9314657471814
217830.15392341107	3065.9314657471814
217830.15392341107	3065.9314657471814
217830.15392341107	3065.9314657471814
217830.15392341107	3065.9314657471814
toanvd
224283.31771120758	3065.9314657471814
224283.31771120758	3065.9314657471814
224283.31771120758	3065.9314657471814
224283.31771120758	3065.9314657471814
224283.31771120758	3065.9314657471814
224283.31771120758	3065.9314657471814
224283.31771120758	3065.9314657471814
224283.31771120758	3065.9314657471814
224283.31771120758	3065.9314657471814
224283.31771120758	3065.9314657471814
224283.31771120758	3065.9314657471814
224283.31771120758	3065.9314657471814
224283.31771120758	3065.9314657471814
224283.31771120758	3065.9314657471814
224144.62090617485	3139.493216682717
224283.31771120758	3065.9314657471814
224283.31771120758	3065.9314657471814
224283.31771120758	3065.9314657471814
224283.31771120758	3065.9314657471814
224283.31771120758	3065.9314657471814
224283.31771120758	3065.9314657471814
224283.31771120758	3065.9314657471814
224283.31771120758	3065.9314657471814
224144.62090617485	3139.493216682717
224283.31771120758	3065.9314657471814
224283.31771120758	3065.9314657471814
224283.31771120758	3065.9314657471814
224283.31771120758	3065.9314657471814
224283.31771120758	3065.9314657471814
224283.31771120758	3065.9314657471814
224144.62090617485	3139.493216682717
224283.31771120758	3065.9314657471814
224144.62090617485	3139.493216682717
224283.31771120758	3065.9314657471814
224283.31771120758	3065.9314657471814
224283.31771120758	3065.9314657471814
224283.31771120758	3065.9314657471814
224283.31771120758	3065.9314657471814
224283.31771120758	3065.9314657471814
224283.31771120758	3065.9314657471814
224283.31771120758	3065.9314657471814
224283.31771120758	3065.9314657471814
224283.31771120758	3065.9314657471814
toanvd
218808.8224914901	3356.176003439787
219468.83236031348	3252.328762023874
218808.8224914901	3356.176003439787
218808.8224914901	3356.176003439787
218808.8224914901	3356.176003439787
219468.83236031348	3252.328762023874
218808.8224914901	3356.176003439787
218808.8224914901	3356.176003439787
218808.8224914901	3356.176003439787
218808.8224914901	3356.176003439787
218808.8224914901	3356.176003439787
219678.51789681063	3244.5941056204256
218808.8224914901	3356.176003439787
218808.8224914901	3356.176003439787
218808.8224914901	3356.176003439787
218808.8224914901	3356.176003439787
218808.8224914901	3356.176003439787
toanvd
220600.55088266375	3253.368563571692
220600.55088266375	3253.368563571692
220600.55088266375	3253.368563571692
220600.55088266375	3253.368563571692
220600.55088266375	3253.368563571692
220600.55088266375	3253.368563571692
220600.55088266375	3253.368563571692
220600.55088266375	3253.368563571692
220600.55088266375	3253.368563571692
220600.55088266375	3253.368563571692
220600.55088266375	3253.368563571692
220600.55088266375	3253.368563571692
220600.55088266375	3253.368563571692
220600.55088266375	3253.368563571692
220600.55088266375	3253.368563571692
220600.55088266375	3253.368563571692
220600.55088266375	3253.368563571692
220600.55088266375	3253.368563571692
220600.55088266375	3253.368563571692
220600.55088266375	3253.368563571692
220600.55088266375	3253.368563571692
220473.16175837198	3431.4814850528214
220600.55088266375	3253.368563571692
220600.55088266375	3253.368563571692
220600.55088266375	3253.368563571692
220600.55088266375	3253.368563571692
220600.55088266375	3253.368563571692
220600.55088266375	3253.368563571692
220600.55088266375	3253.368563571692
220600.55088266375	3253.368563571692
220600.55088266375	3253.368563571692
220600.55088266375	3253.368563571692
220600.55088266375	3253.368563571692
220473.16175837198	3431.4814850528214
220600.55088266375	3253.368563571692
220600.55088266375	3253.368563571692
220600.55088266375	3253.368563571692
220821.11227609174	3123.444763417244
220600.55088266375	3253.368563571692
220600.55088266375	3253.368563571692
220600.55088266375	3253.368563571692
220600.55088266375	3253.368563571692
220600.55088266375	3253.368563571692
220600.55088266375	3253.368563571692
220600.55088266375	3253.368563571692
220600.55088266375	3253.368563571692
220600.55088266375	3253.368563571692
220600.55088266375	3253.368563571692
220821.11227609174	3123.444763417244
220821.11227609174	3123.444763417244
220600.55088266375	3253.368563571692
220600.55088266375	3253.368563571692
220600.55088266375	3253.368563571692
220600.55088266375	3253.368563571692
220821.11227609174	3123.444763417244
220600.55088266375	3253.368563571692
220600.55088266375	3253.368563571692
220600.55088266375	3253.368563571692
220600.55088266375	3253.368563571692
220600.55088266375	3253.368563571692
220600.55088266375	3253.368563571692
220600.55088266375	3253.368563571692
220600.55088266375	3253.368563571692
220600.55088266375	3253.368563571692
220600.55088266375	3253.368563571692
220600.55088266375	3253.368563571692
220600.55088266375	3253.368563571692
220600.55088266375	3253.368563571692
220600.55088266375	3253.368563571692
220600.55088266375	3253.368563571692
220821.11227609174	3123.444763417244
220600.55088266375	3253.368563571692
220600.55088266375	3253.368563571692
220821.11227609174	3123.444763417244
220600.55088266375	3253.368563571692
220493.8248033151	3390.8973246476644
220600.55088266375	3253.368563571692
220600.55088266375	3253.368563571692
220600.55088266375	3253.368563571692
220600.55088266375	3253.368563571692
toanvd
