210166.04174169776	3004.907921815044
toanvd
200981.05945306228	3236.035698037233
200981.05945306228	3236.035698037233
200981.05945306228	3236.035698037233
200981.05945306228	3236.035698037233
toanvd
208086.35925647145	3009.1335204043244
208086.35925647145	3009.1335204043244
208086.35925647145	3009.1335204043244
208086.35925647145	3009.1335204043244
208086.35925647145	3009.1335204043244
208086.35925647145	3009.1335204043244
208086.35925647145	3009.1335204043244
208086.35925647145	3009.1335204043244
208086.35925647145	3009.1335204043244
208086.35925647145	3009.1335204043244
208086.35925647145	3009.1335204043244
208086.35925647145	3009.1335204043244
208086.35925647145	3009.1335204043244
208086.35925647145	3009.1335204043244
208086.35925647145	3009.1335204043244
208086.35925647145	3009.1335204043244
208086.35925647145	3009.1335204043244
206956.56094435326	3169.8121833005966
208086.35925647145	3009.1335204043244
208086.35925647145	3009.1335204043244
208086.35925647145	3009.1335204043244
208086.35925647145	3009.1335204043244
208086.35925647145	3009.1335204043244
208086.35925647145	3009.1335204043244
208086.35925647145	3009.1335204043244
208086.35925647145	3009.1335204043244
206956.56094435326	3169.8121833005966
208086.35925647145	3009.1335204043244
208086.35925647145	3009.1335204043244
208086.35925647145	3009.1335204043244
208086.35925647145	3009.1335204043244
208086.35925647145	3009.1335204043244
208086.35925647145	3009.1335204043244
208086.35925647145	3009.1335204043244
208086.35925647145	3009.1335204043244
208086.35925647145	3009.1335204043244
208086.35925647145	3009.1335204043244
208086.35925647145	3009.1335204043244
208086.35925647145	3009.1335204043244
208086.35925647145	3009.1335204043244
208086.35925647145	3009.1335204043244
208086.35925647145	3009.1335204043244
208086.35925647145	3009.1335204043244
208086.35925647145	3009.1335204043244
208086.35925647145	3009.1335204043244
208086.35925647145	3009.1335204043244
208086.35925647145	3009.1335204043244
208086.35925647145	3009.1335204043244
208086.35925647145	3009.1335204043244
208086.35925647145	3009.1335204043244
208086.35925647145	3009.1335204043244
208086.35925647145	3009.1335204043244
208086.35925647145	3009.1335204043244
208086.35925647145	3009.1335204043244
208086.35925647145	3009.1335204043244
208086.35925647145	3009.1335204043244
208086.35925647145	3009.1335204043244
208086.35925647145	3009.1335204043244
208086.35925647145	3009.1335204043244
208086.35925647145	3009.1335204043244
208086.35925647145	3009.1335204043244
208086.35925647145	3009.1335204043244
208086.35925647145	3009.1335204043244
208086.35925647145	3009.1335204043244
208086.35925647145	3009.1335204043244
208086.35925647145	3009.1335204043244
208086.35925647145	3009.1335204043244
208086.35925647145	3009.1335204043244
208086.35925647145	3009.1335204043244
208086.35925647145	3009.1335204043244
208086.35925647145	3009.1335204043244
208086.35925647145	3009.1335204043244
208086.35925647145	3009.1335204043244
208086.35925647145	3009.1335204043244
208086.35925647145	3009.1335204043244
208086.35925647145	3009.1335204043244
208086.35925647145	3009.1335204043244
208086.35925647145	3009.1335204043244
208086.35925647145	3009.1335204043244
208086.35925647145	3009.1335204043244
208086.35925647145	3009.1335204043244
208086.35925647145	3009.1335204043244
208086.35925647145	3009.1335204043244
208086.35925647145	3009.1335204043244
208086.35925647145	3009.1335204043244
208086.35925647145	3009.1335204043244
208086.35925647145	3009.1335204043244
208086.35925647145	3009.1335204043244
208086.35925647145	3009.1335204043244
208086.35925647145	3009.1335204043244
208086.35925647145	3009.1335204043244
208086.35925647145	3009.1335204043244
208086.35925647145	3009.1335204043244
208086.35925647145	3009.1335204043244
208086.35925647145	3009.1335204043244
208086.35925647145	3009.1335204043244
208086.35925647145	3009.1335204043244
208086.35925647145	3009.1335204043244
208086.35925647145	3009.1335204043244
208086.35925647145	3009.1335204043244
208086.35925647145	3009.1335204043244
208086.35925647145	3009.1335204043244
208086.35925647145	3009.1335204043244
208086.35925647145	3009.1335204043244
208086.35925647145	3009.1335204043244
208086.35925647145	3009.1335204043244
208086.35925647145	3009.1335204043244
208086.35925647145	3009.1335204043244
208086.35925647145	3009.1335204043244
208086.35925647145	3009.1335204043244
208086.35925647145	3009.1335204043244
208086.35925647145	3009.1335204043244
208086.35925647145	3009.1335204043244
208086.35925647145	3009.1335204043244
208086.35925647145	3009.1335204043244
208086.35925647145	3009.1335204043244
208086.35925647145	3009.1335204043244
208086.35925647145	3009.1335204043244
208086.35925647145	3009.1335204043244
208086.35925647145	3009.1335204043244
208086.35925647145	3009.1335204043244
208086.35925647145	3009.1335204043244
208086.35925647145	3009.1335204043244
208086.35925647145	3009.1335204043244
208086.35925647145	3009.1335204043244
208086.35925647145	3009.1335204043244
208086.35925647145	3009.1335204043244
208086.35925647145	3009.1335204043244
208086.35925647145	3009.1335204043244
208086.35925647145	3009.1335204043244
208086.35925647145	3009.1335204043244
208086.35925647145	3009.1335204043244
208086.35925647145	3009.1335204043244
208086.35925647145	3009.1335204043244
208086.35925647145	3009.1335204043244
208086.35925647145	3009.1335204043244
208086.35925647145	3009.1335204043244
208086.35925647145	3009.1335204043244
208086.35925647145	3009.1335204043244
208086.35925647145	3009.1335204043244
208086.35925647145	3009.1335204043244
208086.35925647145	3009.1335204043244
208086.35925647145	3009.1335204043244
208086.35925647145	3009.1335204043244
208086.35925647145	3009.1335204043244
208086.35925647145	3009.1335204043244
208086.35925647145	3009.1335204043244
208086.35925647145	3009.1335204043244
208086.35925647145	3009.1335204043244
208086.35925647145	3009.1335204043244
208086.35925647145	3009.1335204043244
208086.35925647145	3009.1335204043244
208086.35925647145	3009.1335204043244
208086.35925647145	3009.1335204043244
208086.35925647145	3009.1335204043244
208086.35925647145	3009.1335204043244
208086.35925647145	3009.1335204043244
208086.35925647145	3009.1335204043244
208086.35925647145	3009.1335204043244
208086.35925647145	3009.1335204043244
208086.35925647145	3009.1335204043244
208086.35925647145	3009.1335204043244
208086.35925647145	3009.1335204043244
208086.35925647145	3009.1335204043244
208086.35925647145	3009.1335204043244
208086.35925647145	3009.1335204043244
208086.35925647145	3009.1335204043244
208086.35925647145	3009.1335204043244
208086.35925647145	3009.1335204043244
208086.35925647145	3009.1335204043244
208086.35925647145	3009.1335204043244
208086.35925647145	3009.1335204043244
208086.35925647145	3009.1335204043244
208086.35925647145	3009.1335204043244
208086.35925647145	3009.1335204043244
208086.35925647145	3009.1335204043244
208086.35925647145	3009.1335204043244
208086.35925647145	3009.1335204043244
208086.35925647145	3009.1335204043244
208086.35925647145	3009.1335204043244
208086.35925647145	3009.1335204043244
208086.35925647145	3009.1335204043244
208086.35925647145	3009.1335204043244
208086.35925647145	3009.1335204043244
208086.35925647145	3009.1335204043244
208086.35925647145	3009.1335204043244
208086.35925647145	3009.1335204043244
208086.35925647145	3009.1335204043244
208086.35925647145	3009.1335204043244
208086.35925647145	3009.1335204043244
208086.35925647145	3009.1335204043244
toanvd
209582.71602018533	3188.5742302928293
209582.71602018533	3188.5742302928293
209582.71602018533	3188.5742302928293
209582.71602018533	3188.5742302928293
209582.71602018533	3188.5742302928293
209582.71602018533	3188.5742302928293
209582.71602018533	3188.5742302928293
206362.59494221985	3369.5109451667895
209582.71602018533	3188.5742302928293
209582.71602018533	3188.5742302928293
209582.71602018533	3188.5742302928293
209582.71602018533	3188.5742302928293
209582.71602018533	3188.5742302928293
209582.71602018533	3188.5742302928293
209582.71602018533	3188.5742302928293
209582.71602018533	3188.5742302928293
209582.71602018533	3188.5742302928293
209582.71602018533	3188.5742302928293
209582.71602018533	3188.5742302928293
209582.71602018533	3188.5742302928293
209582.71602018533	3188.5742302928293
209582.71602018533	3188.5742302928293
209582.71602018533	3188.5742302928293
209582.71602018533	3188.5742302928293
209582.71602018533	3188.5742302928293
209582.71602018533	3188.5742302928293
209582.71602018533	3188.5742302928293
209582.71602018533	3188.5742302928293
209582.71602018533	3188.5742302928293
209582.71602018533	3188.5742302928293
209582.71602018533	3188.5742302928293
209582.71602018533	3188.5742302928293
209582.71602018533	3188.5742302928293
209582.71602018533	3188.5742302928293
209582.71602018533	3188.5742302928293
209582.71602018533	3188.5742302928293
209582.71602018533	3188.5742302928293
209582.71602018533	3188.5742302928293
209582.71602018533	3188.5742302928293
209582.71602018533	3188.5742302928293
206362.59494221985	3369.5109451667895
209582.71602018533	3188.5742302928293
209582.71602018533	3188.5742302928293
209582.71602018533	3188.5742302928293
206362.59494221985	3369.5109451667895
209582.71602018533	3188.5742302928293
209582.71602018533	3188.5742302928293
209582.71602018533	3188.5742302928293
209582.71602018533	3188.5742302928293
209582.71602018533	3188.5742302928293
209582.71602018533	3188.5742302928293
209582.71602018533	3188.5742302928293
209582.71602018533	3188.5742302928293
206362.59494221985	3369.5109451667895
209582.71602018533	3188.5742302928293
209582.71602018533	3188.5742302928293
209582.71602018533	3188.5742302928293
209582.71602018533	3188.5742302928293
209582.71602018533	3188.5742302928293
209582.71602018533	3188.5742302928293
209582.71602018533	3188.5742302928293
206362.59494221985	3369.5109451667895
209582.71602018533	3188.5742302928293
209582.71602018533	3188.5742302928293
209582.71602018533	3188.5742302928293
209582.71602018533	3188.5742302928293
209582.71602018533	3188.5742302928293
209582.71602018533	3188.5742302928293
209582.71602018533	3188.5742302928293
209582.71602018533	3188.5742302928293
209582.71602018533	3188.5742302928293
209582.71602018533	3188.5742302928293
209582.71602018533	3188.5742302928293
209582.71602018533	3188.5742302928293
209582.71602018533	3188.5742302928293
209582.71602018533	3188.5742302928293
209582.71602018533	3188.5742302928293
209582.71602018533	3188.5742302928293
209582.71602018533	3188.5742302928293
209582.71602018533	3188.5742302928293
209582.71602018533	3188.5742302928293
209582.71602018533	3188.5742302928293
206362.59494221985	3369.5109451667895
209582.71602018533	3188.5742302928293
209582.71602018533	3188.5742302928293
209582.71602018533	3188.5742302928293
209582.71602018533	3188.5742302928293
209582.71602018533	3188.5742302928293
209582.71602018533	3188.5742302928293
209582.71602018533	3188.5742302928293
209582.71602018533	3188.5742302928293
209582.71602018533	3188.5742302928293
209582.71602018533	3188.5742302928293
209582.71602018533	3188.5742302928293
206362.59494221985	3369.5109451667895
209582.71602018533	3188.5742302928293
209582.71602018533	3188.5742302928293
209582.71602018533	3188.5742302928293
209582.71602018533	3188.5742302928293
209582.71602018533	3188.5742302928293
209582.71602018533	3188.5742302928293
209582.71602018533	3188.5742302928293
209582.71602018533	3188.5742302928293
209582.71602018533	3188.5742302928293
209582.71602018533	3188.5742302928293
209582.71602018533	3188.5742302928293
209582.71602018533	3188.5742302928293
209582.71602018533	3188.5742302928293
206362.59494221985	3369.5109451667895
209582.71602018533	3188.5742302928293
209582.71602018533	3188.5742302928293
209582.71602018533	3188.5742302928293
209582.71602018533	3188.5742302928293
209582.71602018533	3188.5742302928293
209582.71602018533	3188.5742302928293
209582.71602018533	3188.5742302928293
209582.71602018533	3188.5742302928293
209582.71602018533	3188.5742302928293
209582.71602018533	3188.5742302928293
209582.71602018533	3188.5742302928293
209582.71602018533	3188.5742302928293
209582.71602018533	3188.5742302928293
209582.71602018533	3188.5742302928293
209582.71602018533	3188.5742302928293
209582.71602018533	3188.5742302928293
209582.71602018533	3188.5742302928293
206362.59494221985	3369.5109451667895
209582.71602018533	3188.5742302928293
209582.71602018533	3188.5742302928293
209582.71602018533	3188.5742302928293
209582.71602018533	3188.5742302928293
209582.71602018533	3188.5742302928293
209582.71602018533	3188.5742302928293
209582.71602018533	3188.5742302928293
209582.71602018533	3188.5742302928293
214758.41320694666	3076.4072906111783
209582.71602018533	3188.5742302928293
209582.71602018533	3188.5742302928293
209582.71602018533	3188.5742302928293
209582.71602018533	3188.5742302928293
209582.71602018533	3188.5742302928293
209582.71602018533	3188.5742302928293
209582.71602018533	3188.5742302928293
209582.71602018533	3188.5742302928293
209582.71602018533	3188.5742302928293
209582.71602018533	3188.5742302928293
209582.71602018533	3188.5742302928293
209582.71602018533	3188.5742302928293
209582.71602018533	3188.5742302928293
209582.71602018533	3188.5742302928293
211722.02905274447	3131.635489524127
209582.71602018533	3188.5742302928293
209582.71602018533	3188.5742302928293
209582.71602018533	3188.5742302928293
209582.71602018533	3188.5742302928293
209582.71602018533	3188.5742302928293
209582.71602018533	3188.5742302928293
209582.71602018533	3188.5742302928293
209582.71602018533	3188.5742302928293
209582.71602018533	3188.5742302928293
209582.71602018533	3188.5742302928293
206362.59494221985	3369.5109451667895
209582.71602018533	3188.5742302928293
209582.71602018533	3188.5742302928293
209582.71602018533	3188.5742302928293
209582.71602018533	3188.5742302928293
206362.59494221985	3369.5109451667895
209582.71602018533	3188.5742302928293
209582.71602018533	3188.5742302928293
209582.71602018533	3188.5742302928293
209582.71602018533	3188.5742302928293
209582.71602018533	3188.5742302928293
209582.71602018533	3188.5742302928293
209582.71602018533	3188.5742302928293
209582.71602018533	3188.5742302928293
209582.71602018533	3188.5742302928293
209582.71602018533	3188.5742302928293
209582.71602018533	3188.5742302928293
209582.71602018533	3188.5742302928293
209582.71602018533	3188.5742302928293
209582.71602018533	3188.5742302928293
209582.71602018533	3188.5742302928293
206362.59494221985	3369.5109451667895
209582.71602018533	3188.5742302928293
209582.71602018533	3188.5742302928293
209582.71602018533	3188.5742302928293
209582.71602018533	3188.5742302928293
209582.71602018533	3188.5742302928293
209582.71602018533	3188.5742302928293
209582.71602018533	3188.5742302928293
209582.71602018533	3188.5742302928293
209582.71602018533	3188.5742302928293
209582.71602018533	3188.5742302928293
209582.71602018533	3188.5742302928293
209582.71602018533	3188.5742302928293
209582.71602018533	3188.5742302928293
209582.71602018533	3188.5742302928293
209582.71602018533	3188.5742302928293
toanvd
203259.21451749693	3065.9314657471814
203259.21451749693	3065.9314657471814
203259.21451749693	3065.9314657471814
203259.21451749693	3065.9314657471814
203259.21451749693	3065.9314657471814
203259.21451749693	3065.9314657471814
203259.21451749693	3065.9314657471814
203259.21451749693	3065.9314657471814
203259.21451749693	3065.9314657471814
203259.21451749693	3065.9314657471814
203259.21451749693	3065.9314657471814
203259.21451749693	3065.9314657471814
203259.21451749693	3065.9314657471814
203259.21451749693	3065.9314657471814
203259.21451749693	3065.9314657471814
203259.21451749693	3065.9314657471814
203259.21451749693	3065.9314657471814
203259.21451749693	3065.9314657471814
203259.21451749693	3065.9314657471814
203259.21451749693	3065.9314657471814
203259.21451749693	3065.9314657471814
203259.21451749693	3065.9314657471814
203259.21451749693	3065.9314657471814
203259.21451749693	3065.9314657471814
203259.21451749693	3065.9314657471814
203259.21451749693	3065.9314657471814
203259.21451749693	3065.9314657471814
203259.21451749693	3065.9314657471814
203259.21451749693	3065.9314657471814
203259.21451749693	3065.9314657471814
203259.21451749693	3065.9314657471814
203259.21451749693	3065.9314657471814
203259.21451749693	3065.9314657471814
203259.21451749693	3065.9314657471814
203259.21451749693	3065.9314657471814
203259.21451749693	3065.9314657471814
203259.21451749693	3065.9314657471814
203259.21451749693	3065.9314657471814
203259.21451749693	3065.9314657471814
203259.21451749693	3065.9314657471814
203259.21451749693	3065.9314657471814
203259.21451749693	3065.9314657471814
203259.21451749693	3065.9314657471814
203259.21451749693	3065.9314657471814
203259.21451749693	3065.9314657471814
203259.21451749693	3065.9314657471814
203259.21451749693	3065.9314657471814
203259.21451749693	3065.9314657471814
203259.21451749693	3065.9314657471814
203259.21451749693	3065.9314657471814
203259.21451749693	3065.9314657471814
203259.21451749693	3065.9314657471814
203259.21451749693	3065.9314657471814
203259.21451749693	3065.9314657471814
203259.21451749693	3065.9314657471814
203259.21451749693	3065.9314657471814
203259.21451749693	3065.9314657471814
203259.21451749693	3065.9314657471814
203259.21451749693	3065.9314657471814
203259.21451749693	3065.9314657471814
203259.21451749693	3065.9314657471814
203259.21451749693	3065.9314657471814
203259.21451749693	3065.9314657471814
203259.21451749693	3065.9314657471814
203259.21451749693	3065.9314657471814
203259.21451749693	3065.9314657471814
203259.21451749693	3065.9314657471814
203259.21451749693	3065.9314657471814
203259.21451749693	3065.9314657471814
203259.21451749693	3065.9314657471814
203259.21451749693	3065.9314657471814
203259.21451749693	3065.9314657471814
203259.21451749693	3065.9314657471814
203259.21451749693	3065.9314657471814
203259.21451749693	3065.9314657471814
203259.21451749693	3065.9314657471814
203259.21451749693	3065.9314657471814
203259.21451749693	3065.9314657471814
203259.21451749693	3065.9314657471814
203259.21451749693	3065.9314657471814
203259.21451749693	3065.9314657471814
203259.21451749693	3065.9314657471814
203259.21451749693	3065.9314657471814
203259.21451749693	3065.9314657471814
203259.21451749693	3065.9314657471814
203259.21451749693	3065.9314657471814
203259.21451749693	3065.9314657471814
203259.21451749693	3065.9314657471814
203259.21451749693	3065.9314657471814
203259.21451749693	3065.9314657471814
203259.21451749693	3065.9314657471814
203259.21451749693	3065.9314657471814
203259.21451749693	3065.9314657471814
203259.21451749693	3065.9314657471814
203259.21451749693	3065.9314657471814
203259.21451749693	3065.9314657471814
203259.21451749693	3065.9314657471814
203259.21451749693	3065.9314657471814
203259.21451749693	3065.9314657471814
203259.21451749693	3065.9314657471814
203259.21451749693	3065.9314657471814
203259.21451749693	3065.9314657471814
203259.21451749693	3065.9314657471814
203259.21451749693	3065.9314657471814
203259.21451749693	3065.9314657471814
203259.21451749693	3065.9314657471814
203259.21451749693	3065.9314657471814
203259.21451749693	3065.9314657471814
203259.21451749693	3065.9314657471814
203259.21451749693	3065.9314657471814
203259.21451749693	3065.9314657471814
203259.21451749693	3065.9314657471814
203259.21451749693	3065.9314657471814
203259.21451749693	3065.9314657471814
203259.21451749693	3065.9314657471814
203259.21451749693	3065.9314657471814
203259.21451749693	3065.9314657471814
203259.21451749693	3065.9314657471814
203259.21451749693	3065.9314657471814
203259.21451749693	3065.9314657471814
203259.21451749693	3065.9314657471814
203259.21451749693	3065.9314657471814
203259.21451749693	3065.9314657471814
203259.21451749693	3065.9314657471814
203259.21451749693	3065.9314657471814
203259.21451749693	3065.9314657471814
203259.21451749693	3065.9314657471814
203259.21451749693	3065.9314657471814
203259.21451749693	3065.9314657471814
203259.21451749693	3065.9314657471814
203259.21451749693	3065.9314657471814
203259.21451749693	3065.9314657471814
203259.21451749693	3065.9314657471814
203259.21451749693	3065.9314657471814
203259.21451749693	3065.9314657471814
203259.21451749693	3065.9314657471814
203259.21451749693	3065.9314657471814
203259.21451749693	3065.9314657471814
203259.21451749693	3065.9314657471814
203259.21451749693	3065.9314657471814
203259.21451749693	3065.9314657471814
203259.21451749693	3065.9314657471814
203259.21451749693	3065.9314657471814
203259.21451749693	3065.9314657471814
203259.21451749693	3065.9314657471814
203259.21451749693	3065.9314657471814
203259.21451749693	3065.9314657471814
203259.21451749693	3065.9314657471814
203259.21451749693	3065.9314657471814
203259.21451749693	3065.9314657471814
203259.21451749693	3065.9314657471814
203259.21451749693	3065.9314657471814
203259.21451749693	3065.9314657471814
203259.21451749693	3065.9314657471814
203259.21451749693	3065.9314657471814
203259.21451749693	3065.9314657471814
203259.21451749693	3065.9314657471814
203259.21451749693	3065.9314657471814
203259.21451749693	3065.9314657471814
203259.21451749693	3065.9314657471814
203259.21451749693	3065.9314657471814
203259.21451749693	3065.9314657471814
203259.21451749693	3065.9314657471814
203259.21451749693	3065.9314657471814
203259.21451749693	3065.9314657471814
203259.21451749693	3065.9314657471814
203259.21451749693	3065.9314657471814
203259.21451749693	3065.9314657471814
203259.21451749693	3065.9314657471814
203259.21451749693	3065.9314657471814
203259.21451749693	3065.9314657471814
203259.21451749693	3065.9314657471814
203259.21451749693	3065.9314657471814
203259.21451749693	3065.9314657471814
203259.21451749693	3065.9314657471814
203259.21451749693	3065.9314657471814
203259.21451749693	3065.9314657471814
203259.21451749693	3065.9314657471814
203259.21451749693	3065.9314657471814
203259.21451749693	3065.9314657471814
203259.21451749693	3065.9314657471814
203259.21451749693	3065.9314657471814
203259.21451749693	3065.9314657471814
203259.21451749693	3065.9314657471814
203259.21451749693	3065.9314657471814
203259.21451749693	3065.9314657471814
203259.21451749693	3065.9314657471814
203259.21451749693	3065.9314657471814
203259.21451749693	3065.9314657471814
203259.21451749693	3065.9314657471814
203259.21451749693	3065.9314657471814
203259.21451749693	3065.9314657471814
203259.21451749693	3065.9314657471814
203259.21451749693	3065.9314657471814
203259.21451749693	3065.9314657471814
203259.21451749693	3065.9314657471814
203259.21451749693	3065.9314657471814
203259.21451749693	3065.9314657471814
203259.21451749693	3065.9314657471814
203259.21451749693	3065.9314657471814
toanvd
201321.9129368031	2931.9260882496505
198338.5823291463	3853.0569626576157
200257.65055079898	3122.2693291601786
198338.5823291463	3853.0569626576157
198338.5823291463	3853.0569626576157
198338.5823291463	3853.0569626576157
198338.5823291463	3853.0569626576157
198338.5823291463	3853.0569626576157
198338.5823291463	3853.0569626576157
200257.65055079898	3122.2693291601786
198338.5823291463	3853.0569626576157
200257.65055079898	3122.2693291601786
198338.5823291463	3853.0569626576157
198338.5823291463	3853.0569626576157
200555.34189764186	3052.8471954402257
200257.65055079898	3122.2693291601786
200257.65055079898	3122.2693291601786
198338.5823291463	3853.0569626576157
200257.65055079898	3122.2693291601786
198338.5823291463	3853.0569626576157
200257.65055079898	3122.2693291601786
198338.5823291463	3853.0569626576157
200257.65055079898	3122.2693291601786
200257.65055079898	3122.2693291601786
200257.65055079898	3122.2693291601786
200257.65055079898	3122.2693291601786
200555.34189764186	3052.8471954402257
198338.5823291463	3853.0569626576157
200257.65055079898	3122.2693291601786
198338.5823291463	3853.0569626576157
198338.5823291463	3853.0569626576157
200555.34189764186	3052.8471954402257
200257.65055079898	3122.2693291601786
198338.5823291463	3853.0569626576157
198338.5823291463	3853.0569626576157
198338.5823291463	3853.0569626576157
200257.65055079898	3122.2693291601786
200257.65055079898	3122.2693291601786
200257.65055079898	3122.2693291601786
198338.5823291463	3853.0569626576157
200257.65055079898	3122.2693291601786
198338.5823291463	3853.0569626576157
198338.5823291463	3853.0569626576157
200555.34189764186	3052.8471954402257
198338.5823291463	3853.0569626576157
200257.65055079898	3122.2693291601786
198338.5823291463	3853.0569626576157
198338.5823291463	3853.0569626576157
200257.65055079898	3122.2693291601786
200257.65055079898	3122.2693291601786
200555.34189764186	3052.8471954402257
200257.65055079898	3122.2693291601786
200257.65055079898	3122.2693291601786
200257.65055079898	3122.2693291601786
200555.34189764186	3052.8471954402257
200257.65055079898	3122.2693291601786
200555.34189764186	3052.8471954402257
200257.65055079898	3122.2693291601786
198338.5823291463	3853.0569626576157
198338.5823291463	3853.0569626576157
200257.65055079898	3122.2693291601786
200257.65055079898	3122.2693291601786
198338.5823291463	3853.0569626576157
200257.65055079898	3122.2693291601786
198338.5823291463	3853.0569626576157
200257.65055079898	3122.2693291601786
200257.65055079898	3122.2693291601786
198338.5823291463	3853.0569626576157
198338.5823291463	3853.0569626576157
200257.65055079898	3122.2693291601786
198338.5823291463	3853.0569626576157
200555.34189764186	3052.8471954402257
200257.65055079898	3122.2693291601786
198338.5823291463	3853.0569626576157
200257.65055079898	3122.2693291601786
198338.5823291463	3853.0569626576157
200257.65055079898	3122.2693291601786
198338.5823291463	3853.0569626576157
200555.34189764186	3052.8471954402257
200257.65055079898	3122.2693291601786
200257.65055079898	3122.2693291601786
200257.65055079898	3122.2693291601786
200257.65055079898	3122.2693291601786
200257.65055079898	3122.2693291601786
toanvd
207119.25601140363	3283.639774908396
205587.2567798755	3968.7832563405564
206789.7583487756	3639.028509841786
205587.2567798755	3968.7832563405564
206789.7583487756	3639.028509841786
207119.25601140363	3283.639774908396
205587.2567798755	3968.7832563405564
toanvd
199594.28395033316	3370.939126772276
199594.28395033316	3370.939126772276
199594.28395033316	3370.939126772276
199594.28395033316	3370.939126772276
199594.28395033316	3370.939126772276
199594.28395033316	3370.939126772276
199594.28395033316	3370.939126772276
199594.28395033316	3370.939126772276
199594.28395033316	3370.939126772276
199594.28395033316	3370.939126772276
199594.28395033316	3370.939126772276
199594.28395033316	3370.939126772276
199594.28395033316	3370.939126772276
199594.28395033316	3370.939126772276
199594.28395033316	3370.939126772276
199594.28395033316	3370.939126772276
199594.28395033316	3370.939126772276
199594.28395033316	3370.939126772276
199594.28395033316	3370.939126772276
199594.28395033316	3370.939126772276
199594.28395033316	3370.939126772276
199594.28395033316	3370.939126772276
199594.28395033316	3370.939126772276
199594.28395033316	3370.939126772276
199594.28395033316	3370.939126772276
199594.28395033316	3370.939126772276
199594.28395033316	3370.939126772276
199594.28395033316	3370.939126772276
199594.28395033316	3370.939126772276
199594.28395033316	3370.939126772276
199594.28395033316	3370.939126772276
199594.28395033316	3370.939126772276
199594.28395033316	3370.939126772276
199594.28395033316	3370.939126772276
199594.28395033316	3370.939126772276
199594.28395033316	3370.939126772276
199594.28395033316	3370.939126772276
199594.28395033316	3370.939126772276
199594.28395033316	3370.939126772276
199594.28395033316	3370.939126772276
199594.28395033316	3370.939126772276
199594.28395033316	3370.939126772276
199594.28395033316	3370.939126772276
199594.28395033316	3370.939126772276
199594.28395033316	3370.939126772276
199594.28395033316	3370.939126772276
199594.28395033316	3370.939126772276
199594.28395033316	3370.939126772276
199594.28395033316	3370.939126772276
199594.28395033316	3370.939126772276
199594.28395033316	3370.939126772276
199594.28395033316	3370.939126772276
199594.28395033316	3370.939126772276
199594.28395033316	3370.939126772276
199594.28395033316	3370.939126772276
199594.28395033316	3370.939126772276
199594.28395033316	3370.939126772276
199594.28395033316	3370.939126772276
199594.28395033316	3370.939126772276
199594.28395033316	3370.939126772276
199594.28395033316	3370.939126772276
199594.28395033316	3370.939126772276
199594.28395033316	3370.939126772276
199594.28395033316	3370.939126772276
199594.28395033316	3370.939126772276
199594.28395033316	3370.939126772276
199594.28395033316	3370.939126772276
199594.28395033316	3370.939126772276
199594.28395033316	3370.939126772276
199594.28395033316	3370.939126772276
199594.28395033316	3370.939126772276
199594.28395033316	3370.939126772276
199594.28395033316	3370.939126772276
199594.28395033316	3370.939126772276
199594.28395033316	3370.939126772276
199594.28395033316	3370.939126772276
199594.28395033316	3370.939126772276
199594.28395033316	3370.939126772276
199594.28395033316	3370.939126772276
199594.28395033316	3370.939126772276
199594.28395033316	3370.939126772276
199594.28395033316	3370.939126772276
199594.28395033316	3370.939126772276
199594.28395033316	3370.939126772276
199594.28395033316	3370.939126772276
199594.28395033316	3370.939126772276
199594.28395033316	3370.939126772276
199594.28395033316	3370.939126772276
199594.28395033316	3370.939126772276
199594.28395033316	3370.939126772276
199594.28395033316	3370.939126772276
199594.28395033316	3370.939126772276
199594.28395033316	3370.939126772276
199594.28395033316	3370.939126772276
199594.28395033316	3370.939126772276
199594.28395033316	3370.939126772276
199594.28395033316	3370.939126772276
199594.28395033316	3370.939126772276
199594.28395033316	3370.939126772276
199594.28395033316	3370.939126772276
199594.28395033316	3370.939126772276
199594.28395033316	3370.939126772276
199594.28395033316	3370.939126772276
199594.28395033316	3370.939126772276
199594.28395033316	3370.939126772276
199594.28395033316	3370.939126772276
199594.28395033316	3370.939126772276
199594.28395033316	3370.939126772276
199594.28395033316	3370.939126772276
199594.28395033316	3370.939126772276
199594.28395033316	3370.939126772276
199594.28395033316	3370.939126772276
199594.28395033316	3370.939126772276
199594.28395033316	3370.939126772276
199594.28395033316	3370.939126772276
199594.28395033316	3370.939126772276
199594.28395033316	3370.939126772276
199594.28395033316	3370.939126772276
199594.28395033316	3370.939126772276
199594.28395033316	3370.939126772276
199594.28395033316	3370.939126772276
199594.28395033316	3370.939126772276
199594.28395033316	3370.939126772276
199594.28395033316	3370.939126772276
199594.28395033316	3370.939126772276
199594.28395033316	3370.939126772276
199594.28395033316	3370.939126772276
199594.28395033316	3370.939126772276
199594.28395033316	3370.939126772276
199594.28395033316	3370.939126772276
199594.28395033316	3370.939126772276
199594.28395033316	3370.939126772276
199594.28395033316	3370.939126772276
199594.28395033316	3370.939126772276
199594.28395033316	3370.939126772276
199594.28395033316	3370.939126772276
199594.28395033316	3370.939126772276
199594.28395033316	3370.939126772276
199594.28395033316	3370.939126772276
199594.28395033316	3370.939126772276
199594.28395033316	3370.939126772276
199594.28395033316	3370.939126772276
199594.28395033316	3370.939126772276
199594.28395033316	3370.939126772276
199594.28395033316	3370.939126772276
199594.28395033316	3370.939126772276
199594.28395033316	3370.939126772276
199594.28395033316	3370.939126772276
199594.28395033316	3370.939126772276
199594.28395033316	3370.939126772276
199594.28395033316	3370.939126772276
199594.28395033316	3370.939126772276
199594.28395033316	3370.939126772276
199594.28395033316	3370.939126772276
199594.28395033316	3370.939126772276
199594.28395033316	3370.939126772276
199594.28395033316	3370.939126772276
199594.28395033316	3370.939126772276
199594.28395033316	3370.939126772276
199594.28395033316	3370.939126772276
199594.28395033316	3370.939126772276
199594.28395033316	3370.939126772276
199594.28395033316	3370.939126772276
199594.28395033316	3370.939126772276
199594.28395033316	3370.939126772276
199594.28395033316	3370.939126772276
199594.28395033316	3370.939126772276
199594.28395033316	3370.939126772276
199594.28395033316	3370.939126772276
199594.28395033316	3370.939126772276
199594.28395033316	3370.939126772276
199594.28395033316	3370.939126772276
199594.28395033316	3370.939126772276
199594.28395033316	3370.939126772276
199594.28395033316	3370.939126772276
199594.28395033316	3370.939126772276
199594.28395033316	3370.939126772276
199594.28395033316	3370.939126772276
199594.28395033316	3370.939126772276
199594.28395033316	3370.939126772276
199594.28395033316	3370.939126772276
199594.28395033316	3370.939126772276
199594.28395033316	3370.939126772276
199594.28395033316	3370.939126772276
199594.28395033316	3370.939126772276
199594.28395033316	3370.939126772276
199594.28395033316	3370.939126772276
199594.28395033316	3370.939126772276
199594.28395033316	3370.939126772276
199594.28395033316	3370.939126772276
199594.28395033316	3370.939126772276
199594.28395033316	3370.939126772276
199594.28395033316	3370.939126772276
199594.28395033316	3370.939126772276
199594.28395033316	3370.939126772276
199594.28395033316	3370.939126772276
199594.28395033316	3370.939126772276
199594.28395033316	3370.939126772276
199594.28395033316	3370.939126772276
199594.28395033316	3370.939126772276
toanvd
188704.43022530538	3235.812931251528
188704.43022530538	3235.812931251528
188704.43022530538	3235.812931251528
toanvd
224012.8943600504	3229.7009025929087
225303.07696841887	3098.542612939897
224012.8943600504	3229.7009025929087
225303.07696841887	3098.542612939897
225303.07696841887	3098.542612939897
224012.8943600504	3229.7009025929087
224012.8943600504	3229.7009025929087
224012.8943600504	3229.7009025929087
225303.07696841887	3098.542612939897
224012.8943600504	3229.7009025929087
224012.8943600504	3229.7009025929087
224012.8943600504	3229.7009025929087
224012.8943600504	3229.7009025929087
225303.07696841887	3098.542612939897
224012.8943600504	3229.7009025929087
224012.8943600504	3229.7009025929087
224012.8943600504	3229.7009025929087
225303.07696841887	3098.542612939897
224012.8943600504	3229.7009025929087
224012.8943600504	3229.7009025929087
224012.8943600504	3229.7009025929087
225303.07696841887	3098.542612939897
225303.07696841887	3098.542612939897
224012.8943600504	3229.7009025929087
224012.8943600504	3229.7009025929087
225303.07696841887	3098.542612939897
224012.8943600504	3229.7009025929087
224012.8943600504	3229.7009025929087
224012.8943600504	3229.7009025929087
225303.07696841887	3098.542612939897
224012.8943600504	3229.7009025929087
224012.8943600504	3229.7009025929087
225303.07696841887	3098.542612939897
224012.8943600504	3229.7009025929087
224012.8943600504	3229.7009025929087
224012.8943600504	3229.7009025929087
225303.07696841887	3098.542612939897
224012.8943600504	3229.7009025929087
224012.8943600504	3229.7009025929087
224012.8943600504	3229.7009025929087
224012.8943600504	3229.7009025929087
224012.8943600504	3229.7009025929087
224012.8943600504	3229.7009025929087
225303.07696841887	3098.542612939897
224012.8943600504	3229.7009025929087
225303.07696841887	3098.542612939897
224012.8943600504	3229.7009025929087
224012.8943600504	3229.7009025929087
225303.07696841887	3098.542612939897
224012.8943600504	3229.7009025929087
225303.07696841887	3098.542612939897
224012.8943600504	3229.7009025929087
224012.8943600504	3229.7009025929087
224012.8943600504	3229.7009025929087
224012.8943600504	3229.7009025929087
225303.07696841887	3098.542612939897
224012.8943600504	3229.7009025929087
224012.8943600504	3229.7009025929087
224012.8943600504	3229.7009025929087
224012.8943600504	3229.7009025929087
225303.07696841887	3098.542612939897
224012.8943600504	3229.7009025929087
224012.8943600504	3229.7009025929087
224012.8943600504	3229.7009025929087
224012.8943600504	3229.7009025929087
225303.07696841887	3098.542612939897
224012.8943600504	3229.7009025929087
224012.8943600504	3229.7009025929087
221216.01772402882	3938.98614979523
224012.8943600504	3229.7009025929087
224012.8943600504	3229.7009025929087
224012.8943600504	3229.7009025929087
toanvd
207214.86337367856	3231.1735225025845
207214.86337367856	3231.1735225025845
207214.86337367856	3231.1735225025845
207214.86337367856	3231.1735225025845
207214.86337367856	3231.1735225025845
207214.86337367856	3231.1735225025845
207214.86337367856	3231.1735225025845
toanvd
200647.62226431974	3012.0092772409407
toanvd
207291.39469594444	2968.5574671580757
toanvd
199080.65154178784	2701.9593097945017
198415.26097559385	2736.7456153515072
toanvd
207446.91919248083	3281.4487914938136
207446.91919248083	3281.4487914938136
207111.98615229645	3386.8407004841692
207446.91919248083	3281.4487914938136
toanvd
197047.09535883134	3256.0977744586157
197047.09535883134	3256.0977744586157
197047.09535883134	3256.0977744586157
197047.09535883134	3256.0977744586157
toanvd
197424.77579758153	3157.9523415531835
197424.77579758153	3157.9523415531835
197424.77579758153	3157.9523415531835
197424.77579758153	3157.9523415531835
197424.77579758153	3157.9523415531835
197424.77579758153	3157.9523415531835
197424.77579758153	3157.9523415531835
197424.77579758153	3157.9523415531835
197424.77579758153	3157.9523415531835
197424.77579758153	3157.9523415531835
197424.77579758153	3157.9523415531835
197424.77579758153	3157.9523415531835
197424.77579758153	3157.9523415531835
197424.77579758153	3157.9523415531835
197424.77579758153	3157.9523415531835
toanvd
200838.29032327083	3030.1349349712555
toanvd
200619.350732819	3344.069672383536
200619.350732819	3344.069672383536
200619.350732819	3344.069672383536
toanvd
203687.2148017373	3064.5305291588274
203687.2148017373	3064.5305291588274
203687.2148017373	3064.5305291588274
202975.77960816424	3203.674170891176
202975.77960816424	3203.674170891176
203687.2148017373	3064.5305291588274
203687.2148017373	3064.5305291588274
202975.77960816424	3203.674170891176
202975.77960816424	3203.674170891176
203687.2148017373	3064.5305291588274
202975.77960816424	3203.674170891176
203687.2148017373	3064.5305291588274
202975.77960816424	3203.674170891176
202975.77960816424	3203.674170891176
203687.2148017373	3064.5305291588274
203687.2148017373	3064.5305291588274
202975.77960816424	3203.674170891176
203687.2148017373	3064.5305291588274
203687.2148017373	3064.5305291588274
203687.2148017373	3064.5305291588274
203687.2148017373	3064.5305291588274
202975.77960816424	3203.674170891176
202975.77960816424	3203.674170891176
202975.77960816424	3203.674170891176
202975.77960816424	3203.674170891176
202975.77960816424	3203.674170891176
203687.2148017373	3064.5305291588274
203687.2148017373	3064.5305291588274
202975.77960816424	3203.674170891176
202975.77960816424	3203.674170891176
202975.77960816424	3203.674170891176
203687.2148017373	3064.5305291588274
202975.77960816424	3203.674170891176
202975.77960816424	3203.674170891176
202975.77960816424	3203.674170891176
toanvd
212958.7716959261	3444.14339621413
212958.7716959261	3444.14339621413
212958.7716959261	3444.14339621413
212958.7716959261	3444.14339621413
212958.7716959261	3444.14339621413
212958.7716959261	3444.14339621413
212958.7716959261	3444.14339621413
212958.7716959261	3444.14339621413
212958.7716959261	3444.14339621413
214076.3562997125	3354.3565310892213
212958.7716959261	3444.14339621413
212958.7716959261	3444.14339621413
212958.7716959261	3444.14339621413
toanvd
