196984.28639779714	2724.0767738748186
196775.77511780086	2734.317719150944
196775.77511780086	2734.317719150944
196775.77511780086	2734.317719150944
196775.77511780086	2734.317719150944
196775.77511780086	2734.317719150944
196984.28639779714	2724.0767738748186
196775.77511780086	2734.317719150944
196775.77511780086	2734.317719150944
196775.77511780086	2734.317719150944
197941.93089939374	2684.2771732852552
toanvd
182181.1723852597	2640.678428404693
182181.1723852597	2640.678428404693
182181.1723852597	2640.678428404693
182217.47059359672	2630.9566863102023
toanvd
186846.59115334664	2849.721428881105
186846.59115334664	2849.721428881105
186846.59115334664	2849.721428881105
186846.59115334664	2849.721428881105
186846.59115334664	2849.721428881105
186846.59115334664	2849.721428881105
186846.59115334664	2849.721428881105
186846.59115334664	2849.721428881105
186846.59115334664	2849.721428881105
186846.59115334664	2849.721428881105
186846.59115334664	2849.721428881105
186846.59115334664	2849.721428881105
186846.59115334664	2849.721428881105
186846.59115334664	2849.721428881105
186846.59115334664	2849.721428881105
186846.59115334664	2849.721428881105
186846.59115334664	2849.721428881105
186846.59115334664	2849.721428881105
186846.59115334664	2849.721428881105
186846.59115334664	2849.721428881105
186846.59115334664	2849.721428881105
186846.59115334664	2849.721428881105
186846.59115334664	2849.721428881105
186846.59115334664	2849.721428881105
186846.59115334664	2849.721428881105
186846.59115334664	2849.721428881105
186846.59115334664	2849.721428881105
186846.59115334664	2849.721428881105
186846.59115334664	2849.721428881105
186846.59115334664	2849.721428881105
186846.59115334664	2849.721428881105
186846.59115334664	2849.721428881105
186846.59115334664	2849.721428881105
186846.59115334664	2849.721428881105
186846.59115334664	2849.721428881105
186846.59115334664	2849.721428881105
186846.59115334664	2849.721428881105
186846.59115334664	2849.721428881105
186846.59115334664	2849.721428881105
186846.59115334664	2849.721428881105
186846.59115334664	2849.721428881105
186846.59115334664	2849.721428881105
186846.59115334664	2849.721428881105
186846.59115334664	2849.721428881105
186846.59115334664	2849.721428881105
186846.59115334664	2849.721428881105
186846.59115334664	2849.721428881105
186846.59115334664	2849.721428881105
186846.59115334664	2849.721428881105
186846.59115334664	2849.721428881105
186846.59115334664	2849.721428881105
186846.59115334664	2849.721428881105
186846.59115334664	2849.721428881105
186846.59115334664	2849.721428881105
toanvd
186079.9514175763	3050.8045198137306
186079.9514175763	3050.8045198137306
186079.9514175763	3050.8045198137306
186079.9514175763	3050.8045198137306
186079.9514175763	3050.8045198137306
186079.9514175763	3050.8045198137306
186079.9514175763	3050.8045198137306
186079.9514175763	3050.8045198137306
186079.9514175763	3050.8045198137306
186079.9514175763	3050.8045198137306
186079.9514175763	3050.8045198137306
186079.9514175763	3050.8045198137306
186079.9514175763	3050.8045198137306
186079.9514175763	3050.8045198137306
186079.9514175763	3050.8045198137306
186079.9514175763	3050.8045198137306
186079.9514175763	3050.8045198137306
186079.9514175763	3050.8045198137306
186079.9514175763	3050.8045198137306
186079.9514175763	3050.8045198137306
186079.9514175763	3050.8045198137306
186079.9514175763	3050.8045198137306
186079.9514175763	3050.8045198137306
186079.9514175763	3050.8045198137306
186079.9514175763	3050.8045198137306
186079.9514175763	3050.8045198137306
186079.9514175763	3050.8045198137306
186079.9514175763	3050.8045198137306
186079.9514175763	3050.8045198137306
186079.9514175763	3050.8045198137306
186079.9514175763	3050.8045198137306
186079.9514175763	3050.8045198137306
186079.9514175763	3050.8045198137306
186079.9514175763	3050.8045198137306
186079.9514175763	3050.8045198137306
186079.9514175763	3050.8045198137306
186079.9514175763	3050.8045198137306
186079.9514175763	3050.8045198137306
186079.9514175763	3050.8045198137306
186079.9514175763	3050.8045198137306
186079.9514175763	3050.8045198137306
186079.9514175763	3050.8045198137306
186079.9514175763	3050.8045198137306
186079.9514175763	3050.8045198137306
186079.9514175763	3050.8045198137306
186079.9514175763	3050.8045198137306
186079.9514175763	3050.8045198137306
186079.9514175763	3050.8045198137306
186079.9514175763	3050.8045198137306
186079.9514175763	3050.8045198137306
186079.9514175763	3050.8045198137306
186079.9514175763	3050.8045198137306
186079.9514175763	3050.8045198137306
186079.9514175763	3050.8045198137306
186079.9514175763	3050.8045198137306
186079.9514175763	3050.8045198137306
186079.9514175763	3050.8045198137306
186079.9514175763	3050.8045198137306
186079.9514175763	3050.8045198137306
186079.9514175763	3050.8045198137306
186079.9514175763	3050.8045198137306
186079.9514175763	3050.8045198137306
186079.9514175763	3050.8045198137306
186079.9514175763	3050.8045198137306
186079.9514175763	3050.8045198137306
186079.9514175763	3050.8045198137306
186079.9514175763	3050.8045198137306
186079.9514175763	3050.8045198137306
186079.9514175763	3050.8045198137306
186079.9514175763	3050.8045198137306
186079.9514175763	3050.8045198137306
186079.9514175763	3050.8045198137306
186079.9514175763	3050.8045198137306
186079.9514175763	3050.8045198137306
186079.9514175763	3050.8045198137306
186079.9514175763	3050.8045198137306
186079.9514175763	3050.8045198137306
186079.9514175763	3050.8045198137306
186079.9514175763	3050.8045198137306
186079.9514175763	3050.8045198137306
186079.9514175763	3050.8045198137306
186079.9514175763	3050.8045198137306
186079.9514175763	3050.8045198137306
186079.9514175763	3050.8045198137306
186079.9514175763	3050.8045198137306
186079.9514175763	3050.8045198137306
186079.9514175763	3050.8045198137306
186079.9514175763	3050.8045198137306
186079.9514175763	3050.8045198137306
186079.9514175763	3050.8045198137306
186079.9514175763	3050.8045198137306
186079.9514175763	3050.8045198137306
186079.9514175763	3050.8045198137306
186079.9514175763	3050.8045198137306
186079.9514175763	3050.8045198137306
186079.9514175763	3050.8045198137306
186079.9514175763	3050.8045198137306
186079.9514175763	3050.8045198137306
186079.9514175763	3050.8045198137306
186079.9514175763	3050.8045198137306
186079.9514175763	3050.8045198137306
186079.9514175763	3050.8045198137306
186079.9514175763	3050.8045198137306
186079.9514175763	3050.8045198137306
186079.9514175763	3050.8045198137306
186079.9514175763	3050.8045198137306
186079.9514175763	3050.8045198137306
186079.9514175763	3050.8045198137306
186079.9514175763	3050.8045198137306
186079.9514175763	3050.8045198137306
186079.9514175763	3050.8045198137306
186079.9514175763	3050.8045198137306
186079.9514175763	3050.8045198137306
186079.9514175763	3050.8045198137306
186079.9514175763	3050.8045198137306
186079.9514175763	3050.8045198137306
186079.9514175763	3050.8045198137306
186079.9514175763	3050.8045198137306
186079.9514175763	3050.8045198137306
186079.9514175763	3050.8045198137306
186079.9514175763	3050.8045198137306
186079.9514175763	3050.8045198137306
186079.9514175763	3050.8045198137306
186079.9514175763	3050.8045198137306
186079.9514175763	3050.8045198137306
186079.9514175763	3050.8045198137306
186079.9514175763	3050.8045198137306
186079.9514175763	3050.8045198137306
186079.9514175763	3050.8045198137306
186079.9514175763	3050.8045198137306
186079.9514175763	3050.8045198137306
186079.9514175763	3050.8045198137306
186079.9514175763	3050.8045198137306
186079.9514175763	3050.8045198137306
186079.9514175763	3050.8045198137306
186079.9514175763	3050.8045198137306
186079.9514175763	3050.8045198137306
186079.9514175763	3050.8045198137306
186079.9514175763	3050.8045198137306
186079.9514175763	3050.8045198137306
186079.9514175763	3050.8045198137306
186079.9514175763	3050.8045198137306
186079.9514175763	3050.8045198137306
186079.9514175763	3050.8045198137306
186079.9514175763	3050.8045198137306
186079.9514175763	3050.8045198137306
186079.9514175763	3050.8045198137306
186079.9514175763	3050.8045198137306
186079.9514175763	3050.8045198137306
186079.9514175763	3050.8045198137306
186079.9514175763	3050.8045198137306
186079.9514175763	3050.8045198137306
186079.9514175763	3050.8045198137306
186079.9514175763	3050.8045198137306
186079.9514175763	3050.8045198137306
186079.9514175763	3050.8045198137306
186079.9514175763	3050.8045198137306
186079.9514175763	3050.8045198137306
186079.9514175763	3050.8045198137306
186079.9514175763	3050.8045198137306
186079.9514175763	3050.8045198137306
186079.9514175763	3050.8045198137306
186079.9514175763	3050.8045198137306
186079.9514175763	3050.8045198137306
186079.9514175763	3050.8045198137306
186079.9514175763	3050.8045198137306
186079.9514175763	3050.8045198137306
186079.9514175763	3050.8045198137306
186079.9514175763	3050.8045198137306
186079.9514175763	3050.8045198137306
186079.9514175763	3050.8045198137306
186079.9514175763	3050.8045198137306
186079.9514175763	3050.8045198137306
186079.9514175763	3050.8045198137306
186079.9514175763	3050.8045198137306
186079.9514175763	3050.8045198137306
186079.9514175763	3050.8045198137306
186079.9514175763	3050.8045198137306
186079.9514175763	3050.8045198137306
186079.9514175763	3050.8045198137306
186079.9514175763	3050.8045198137306
186079.9514175763	3050.8045198137306
186079.9514175763	3050.8045198137306
186079.9514175763	3050.8045198137306
186079.9514175763	3050.8045198137306
186079.9514175763	3050.8045198137306
186079.9514175763	3050.8045198137306
186079.9514175763	3050.8045198137306
186079.9514175763	3050.8045198137306
186079.9514175763	3050.8045198137306
186079.9514175763	3050.8045198137306
186079.9514175763	3050.8045198137306
186079.9514175763	3050.8045198137306
186079.9514175763	3050.8045198137306
186079.9514175763	3050.8045198137306
186079.9514175763	3050.8045198137306
186079.9514175763	3050.8045198137306
186079.9514175763	3050.8045198137306
186079.9514175763	3050.8045198137306
186079.9514175763	3050.8045198137306
toanvd
189380.50350173123	3065.9314657471814
toanvd
192092.47415472483	2808.5969744772046
191215.25947295257	3054.319767349115
191215.25947295257	3054.319767349115
192092.47415472483	2808.5969744772046
191215.25947295257	3054.319767349115
191215.25947295257	3054.319767349115
192092.47415472483	2808.5969744772046
191215.25947295257	3054.319767349115
192092.47415472483	2808.5969744772046
192092.47415472483	2808.5969744772046
192092.47415472483	2808.5969744772046
191215.25947295257	3054.319767349115
191215.25947295257	3054.319767349115
192092.47415472483	2808.5969744772046
192092.47415472483	2808.5969744772046
192092.47415472483	2808.5969744772046
192092.47415472483	2808.5969744772046
192092.47415472483	2808.5969744772046
191215.25947295257	3054.319767349115
192092.47415472483	2808.5969744772046
191215.25947295257	3054.319767349115
192092.47415472483	2808.5969744772046
192092.47415472483	2808.5969744772046
192092.47415472483	2808.5969744772046
192092.47415472483	2808.5969744772046
191215.25947295257	3054.319767349115
192092.47415472483	2808.5969744772046
192092.47415472483	2808.5969744772046
192092.47415472483	2808.5969744772046
192092.47415472483	2808.5969744772046
192092.47415472483	2808.5969744772046
192092.47415472483	2808.5969744772046
192092.47415472483	2808.5969744772046
191215.25947295257	3054.319767349115
191215.25947295257	3054.319767349115
191215.25947295257	3054.319767349115
192092.47415472483	2808.5969744772046
192092.47415472483	2808.5969744772046
192092.47415472483	2808.5969744772046
192092.47415472483	2808.5969744772046
192092.47415472483	2808.5969744772046
192092.47415472483	2808.5969744772046
191215.25947295257	3054.319767349115
191215.25947295257	3054.319767349115
191215.25947295257	3054.319767349115
191215.25947295257	3054.319767349115
191215.25947295257	3054.319767349115
192092.47415472483	2808.5969744772046
191911.6762181949	2931.9260882496505
191215.25947295257	3054.319767349115
192092.47415472483	2808.5969744772046
192092.47415472483	2808.5969744772046
192092.47415472483	2808.5969744772046
192092.47415472483	2808.5969744772046
192092.47415472483	2808.5969744772046
192092.47415472483	2808.5969744772046
192092.47415472483	2808.5969744772046
192092.47415472483	2808.5969744772046
191215.25947295257	3054.319767349115
191215.25947295257	3054.319767349115
191215.25947295257	3054.319767349115
192092.47415472483	2808.5969744772046
192092.47415472483	2808.5969744772046
192092.47415472483	2808.5969744772046
192092.47415472483	2808.5969744772046
192092.47415472483	2808.5969744772046
192092.47415472483	2808.5969744772046
191215.25947295257	3054.319767349115
192092.47415472483	2808.5969744772046
191215.25947295257	3054.319767349115
192092.47415472483	2808.5969744772046
192092.47415472483	2808.5969744772046
192092.47415472483	2808.5969744772046
192092.47415472483	2808.5969744772046
191215.25947295257	3054.319767349115
192092.47415472483	2808.5969744772046
192092.47415472483	2808.5969744772046
192092.47415472483	2808.5969744772046
192092.47415472483	2808.5969744772046
192092.47415472483	2808.5969744772046
192092.47415472483	2808.5969744772046
191215.25947295257	3054.319767349115
191215.25947295257	3054.319767349115
192092.47415472483	2808.5969744772046
192092.47415472483	2808.5969744772046
192092.47415472483	2808.5969744772046
191215.25947295257	3054.319767349115
191215.25947295257	3054.319767349115
191215.25947295257	3054.319767349115
191215.25947295257	3054.319767349115
192092.47415472483	2808.5969744772046
192092.47415472483	2808.5969744772046
192092.47415472483	2808.5969744772046
192092.47415472483	2808.5969744772046
192092.47415472483	2808.5969744772046
192092.47415472483	2808.5969744772046
191215.25947295257	3054.319767349115
191215.25947295257	3054.319767349115
192092.47415472483	2808.5969744772046
192092.47415472483	2808.5969744772046
192092.47415472483	2808.5969744772046
192092.47415472483	2808.5969744772046
192092.47415472483	2808.5969744772046
191215.25947295257	3054.319767349115
191215.25947295257	3054.319767349115
191215.25947295257	3054.319767349115
192092.47415472483	2808.5969744772046
191215.25947295257	3054.319767349115
192092.47415472483	2808.5969744772046
191215.25947295257	3054.319767349115
192092.47415472483	2808.5969744772046
191215.25947295257	3054.319767349115
192092.47415472483	2808.5969744772046
192092.47415472483	2808.5969744772046
192092.47415472483	2808.5969744772046
192092.47415472483	2808.5969744772046
192092.47415472483	2808.5969744772046
191215.25947295257	3054.319767349115
192092.47415472483	2808.5969744772046
192092.47415472483	2808.5969744772046
191215.25947295257	3054.319767349115
192092.47415472483	2808.5969744772046
192092.47415472483	2808.5969744772046
191215.25947295257	3054.319767349115
192092.47415472483	2808.5969744772046
192092.47415472483	2808.5969744772046
191215.25947295257	3054.319767349115
192092.47415472483	2808.5969744772046
191215.25947295257	3054.319767349115
191215.25947295257	3054.319767349115
192092.47415472483	2808.5969744772046
191215.25947295257	3054.319767349115
192092.47415472483	2808.5969744772046
191215.25947295257	3054.319767349115
191215.25947295257	3054.319767349115
191215.25947295257	3054.319767349115
192092.47415472483	2808.5969744772046
191215.25947295257	3054.319767349115
191215.25947295257	3054.319767349115
192092.47415472483	2808.5969744772046
192092.47415472483	2808.5969744772046
192092.47415472483	2808.5969744772046
192092.47415472483	2808.5969744772046
191215.25947295257	3054.319767349115
191215.25947295257	3054.319767349115
192092.47415472483	2808.5969744772046
192092.47415472483	2808.5969744772046
191215.25947295257	3054.319767349115
191215.25947295257	3054.319767349115
191215.25947295257	3054.319767349115
192092.47415472483	2808.5969744772046
192092.47415472483	2808.5969744772046
191215.25947295257	3054.319767349115
192092.47415472483	2808.5969744772046
192092.47415472483	2808.5969744772046
192092.47415472483	2808.5969744772046
192092.47415472483	2808.5969744772046
191215.25947295257	3054.319767349115
192092.47415472483	2808.5969744772046
192092.47415472483	2808.5969744772046
191215.25947295257	3054.319767349115
191215.25947295257	3054.319767349115
192092.47415472483	2808.5969744772046
192092.47415472483	2808.5969744772046
192092.47415472483	2808.5969744772046
192092.47415472483	2808.5969744772046
192092.47415472483	2808.5969744772046
192092.47415472483	2808.5969744772046
192092.47415472483	2808.5969744772046
192092.47415472483	2808.5969744772046
192092.47415472483	2808.5969744772046
192092.47415472483	2808.5969744772046
192092.47415472483	2808.5969744772046
192092.47415472483	2808.5969744772046
191215.25947295257	3054.319767349115
192092.47415472483	2808.5969744772046
192092.47415472483	2808.5969744772046
191911.6762181949	2931.9260882496505
191215.25947295257	3054.319767349115
192092.47415472483	2808.5969744772046
192092.47415472483	2808.5969744772046
192092.47415472483	2808.5969744772046
192092.47415472483	2808.5969744772046
192092.47415472483	2808.5969744772046
191215.25947295257	3054.319767349115
192092.47415472483	2808.5969744772046
192092.47415472483	2808.5969744772046
192092.47415472483	2808.5969744772046
191215.25947295257	3054.319767349115
191215.25947295257	3054.319767349115
191215.25947295257	3054.319767349115
191215.25947295257	3054.319767349115
192092.47415472483	2808.5969744772046
192092.47415472483	2808.5969744772046
191215.25947295257	3054.319767349115
192092.47415472483	2808.5969744772046
191215.25947295257	3054.319767349115
191215.25947295257	3054.319767349115
192092.47415472483	2808.5969744772046
192092.47415472483	2808.5969744772046
toanvd
186890.4427483239	3122.4633661979046
186890.4427483239	3122.4633661979046
186890.4427483239	3122.4633661979046
186890.4427483239	3122.4633661979046
186890.4427483239	3122.4633661979046
186890.4427483239	3122.4633661979046
186890.4427483239	3122.4633661979046
186890.4427483239	3122.4633661979046
186890.4427483239	3122.4633661979046
186890.4427483239	3122.4633661979046
186890.4427483239	3122.4633661979046
186890.4427483239	3122.4633661979046
186890.4427483239	3122.4633661979046
186890.4427483239	3122.4633661979046
186890.4427483239	3122.4633661979046
186890.4427483239	3122.4633661979046
186890.4427483239	3122.4633661979046
186890.4427483239	3122.4633661979046
186890.4427483239	3122.4633661979046
186890.4427483239	3122.4633661979046
186890.4427483239	3122.4633661979046
186890.4427483239	3122.4633661979046
186890.4427483239	3122.4633661979046
186890.4427483239	3122.4633661979046
186890.4427483239	3122.4633661979046
186890.4427483239	3122.4633661979046
186890.4427483239	3122.4633661979046
186890.4427483239	3122.4633661979046
186890.4427483239	3122.4633661979046
186890.4427483239	3122.4633661979046
186890.4427483239	3122.4633661979046
186890.4427483239	3122.4633661979046
186890.4427483239	3122.4633661979046
186890.4427483239	3122.4633661979046
186890.4427483239	3122.4633661979046
186890.4427483239	3122.4633661979046
186890.4427483239	3122.4633661979046
186890.4427483239	3122.4633661979046
186890.4427483239	3122.4633661979046
186890.4427483239	3122.4633661979046
186890.4427483239	3122.4633661979046
186890.4427483239	3122.4633661979046
186890.4427483239	3122.4633661979046
186890.4427483239	3122.4633661979046
186890.4427483239	3122.4633661979046
186890.4427483239	3122.4633661979046
186890.4427483239	3122.4633661979046
186890.4427483239	3122.4633661979046
186890.4427483239	3122.4633661979046
186890.4427483239	3122.4633661979046
186890.4427483239	3122.4633661979046
186890.4427483239	3122.4633661979046
186890.4427483239	3122.4633661979046
186890.4427483239	3122.4633661979046
186890.4427483239	3122.4633661979046
186890.4427483239	3122.4633661979046
186890.4427483239	3122.4633661979046
186890.4427483239	3122.4633661979046
186890.4427483239	3122.4633661979046
186890.4427483239	3122.4633661979046
186890.4427483239	3122.4633661979046
186890.4427483239	3122.4633661979046
186890.4427483239	3122.4633661979046
186890.4427483239	3122.4633661979046
186890.4427483239	3122.4633661979046
186890.4427483239	3122.4633661979046
186890.4427483239	3122.4633661979046
186890.4427483239	3122.4633661979046
186890.4427483239	3122.4633661979046
186890.4427483239	3122.4633661979046
186890.4427483239	3122.4633661979046
186890.4427483239	3122.4633661979046
186890.4427483239	3122.4633661979046
186890.4427483239	3122.4633661979046
186890.4427483239	3122.4633661979046
186890.4427483239	3122.4633661979046
186890.4427483239	3122.4633661979046
186890.4427483239	3122.4633661979046
186890.4427483239	3122.4633661979046
186890.4427483239	3122.4633661979046
186890.4427483239	3122.4633661979046
186890.4427483239	3122.4633661979046
186890.4427483239	3122.4633661979046
186890.4427483239	3122.4633661979046
186890.4427483239	3122.4633661979046
186890.4427483239	3122.4633661979046
186890.4427483239	3122.4633661979046
186890.4427483239	3122.4633661979046
186890.4427483239	3122.4633661979046
186890.4427483239	3122.4633661979046
186890.4427483239	3122.4633661979046
186890.4427483239	3122.4633661979046
186890.4427483239	3122.4633661979046
186890.4427483239	3122.4633661979046
186890.4427483239	3122.4633661979046
186890.4427483239	3122.4633661979046
186890.4427483239	3122.4633661979046
186890.4427483239	3122.4633661979046
186890.4427483239	3122.4633661979046
186890.4427483239	3122.4633661979046
186890.4427483239	3122.4633661979046
186890.4427483239	3122.4633661979046
186890.4427483239	3122.4633661979046
186890.4427483239	3122.4633661979046
186890.4427483239	3122.4633661979046
186890.4427483239	3122.4633661979046
186890.4427483239	3122.4633661979046
186890.4427483239	3122.4633661979046
186890.4427483239	3122.4633661979046
186890.4427483239	3122.4633661979046
186890.4427483239	3122.4633661979046
186890.4427483239	3122.4633661979046
186890.4427483239	3122.4633661979046
186890.4427483239	3122.4633661979046
186890.4427483239	3122.4633661979046
186890.4427483239	3122.4633661979046
186890.4427483239	3122.4633661979046
186890.4427483239	3122.4633661979046
186890.4427483239	3122.4633661979046
186890.4427483239	3122.4633661979046
186890.4427483239	3122.4633661979046
186890.4427483239	3122.4633661979046
186890.4427483239	3122.4633661979046
186890.4427483239	3122.4633661979046
186890.4427483239	3122.4633661979046
186890.4427483239	3122.4633661979046
186890.4427483239	3122.4633661979046
186890.4427483239	3122.4633661979046
186890.4427483239	3122.4633661979046
186890.4427483239	3122.4633661979046
186890.4427483239	3122.4633661979046
186890.4427483239	3122.4633661979046
186890.4427483239	3122.4633661979046
186890.4427483239	3122.4633661979046
186890.4427483239	3122.4633661979046
186890.4427483239	3122.4633661979046
186890.4427483239	3122.4633661979046
186890.4427483239	3122.4633661979046
186890.4427483239	3122.4633661979046
186890.4427483239	3122.4633661979046
186890.4427483239	3122.4633661979046
186890.4427483239	3122.4633661979046
186890.4427483239	3122.4633661979046
186890.4427483239	3122.4633661979046
186890.4427483239	3122.4633661979046
186890.4427483239	3122.4633661979046
186890.4427483239	3122.4633661979046
186890.4427483239	3122.4633661979046
186890.4427483239	3122.4633661979046
186890.4427483239	3122.4633661979046
186890.4427483239	3122.4633661979046
186890.4427483239	3122.4633661979046
186890.4427483239	3122.4633661979046
186890.4427483239	3122.4633661979046
186890.4427483239	3122.4633661979046
186890.4427483239	3122.4633661979046
186890.4427483239	3122.4633661979046
186890.4427483239	3122.4633661979046
186890.4427483239	3122.4633661979046
186890.4427483239	3122.4633661979046
186890.4427483239	3122.4633661979046
186890.4427483239	3122.4633661979046
186890.4427483239	3122.4633661979046
186890.4427483239	3122.4633661979046
186890.4427483239	3122.4633661979046
186890.4427483239	3122.4633661979046
186890.4427483239	3122.4633661979046
186890.4427483239	3122.4633661979046
186890.4427483239	3122.4633661979046
186890.4427483239	3122.4633661979046
186890.4427483239	3122.4633661979046
186890.4427483239	3122.4633661979046
186890.4427483239	3122.4633661979046
186890.4427483239	3122.4633661979046
186890.4427483239	3122.4633661979046
186890.4427483239	3122.4633661979046
186890.4427483239	3122.4633661979046
186890.4427483239	3122.4633661979046
186890.4427483239	3122.4633661979046
186890.4427483239	3122.4633661979046
186890.4427483239	3122.4633661979046
186890.4427483239	3122.4633661979046
186890.4427483239	3122.4633661979046
186890.4427483239	3122.4633661979046
186890.4427483239	3122.4633661979046
186890.4427483239	3122.4633661979046
186890.4427483239	3122.4633661979046
186890.4427483239	3122.4633661979046
186890.4427483239	3122.4633661979046
186890.4427483239	3122.4633661979046
186890.4427483239	3122.4633661979046
toanvd
189731.37910113274	2911.296789676485
189731.37910113274	2911.296789676485
189731.37910113274	2911.296789676485
189731.37910113274	2911.296789676485
189731.37910113274	2911.296789676485
189731.37910113274	2911.296789676485
189731.37910113274	2911.296789676485
189731.37910113274	2911.296789676485
189731.37910113274	2911.296789676485
189731.37910113274	2911.296789676485
189731.37910113274	2911.296789676485
189731.37910113274	2911.296789676485
189731.37910113274	2911.296789676485
189731.37910113274	2911.296789676485
189731.37910113274	2911.296789676485
189731.37910113274	2911.296789676485
189731.37910113274	2911.296789676485
189731.37910113274	2911.296789676485
189731.37910113274	2911.296789676485
189731.37910113274	2911.296789676485
189731.37910113274	2911.296789676485
189731.37910113274	2911.296789676485
189731.37910113274	2911.296789676485
189731.37910113274	2911.296789676485
189731.37910113274	2911.296789676485
189731.37910113274	2911.296789676485
189731.37910113274	2911.296789676485
189731.37910113274	2911.296789676485
189731.37910113274	2911.296789676485
189731.37910113274	2911.296789676485
189731.37910113274	2911.296789676485
189731.37910113274	2911.296789676485
189731.37910113274	2911.296789676485
189731.37910113274	2911.296789676485
189731.37910113274	2911.296789676485
189731.37910113274	2911.296789676485
189731.37910113274	2911.296789676485
189731.37910113274	2911.296789676485
189731.37910113274	2911.296789676485
189731.37910113274	2911.296789676485
189731.37910113274	2911.296789676485
189731.37910113274	2911.296789676485
189731.37910113274	2911.296789676485
189731.37910113274	2911.296789676485
189731.37910113274	2911.296789676485
189731.37910113274	2911.296789676485
189731.37910113274	2911.296789676485
189731.37910113274	2911.296789676485
189731.37910113274	2911.296789676485
189731.37910113274	2911.296789676485
189731.37910113274	2911.296789676485
189731.37910113274	2911.296789676485
189731.37910113274	2911.296789676485
189731.37910113274	2911.296789676485
189731.37910113274	2911.296789676485
189731.37910113274	2911.296789676485
189731.37910113274	2911.296789676485
189731.37910113274	2911.296789676485
189731.37910113274	2911.296789676485
189731.37910113274	2911.296789676485
189731.37910113274	2911.296789676485
189731.37910113274	2911.296789676485
189731.37910113274	2911.296789676485
189731.37910113274	2911.296789676485
189731.37910113274	2911.296789676485
189731.37910113274	2911.296789676485
189731.37910113274	2911.296789676485
189731.37910113274	2911.296789676485
189731.37910113274	2911.296789676485
189731.37910113274	2911.296789676485
189731.37910113274	2911.296789676485
189731.37910113274	2911.296789676485
189731.37910113274	2911.296789676485
189731.37910113274	2911.296789676485
189731.37910113274	2911.296789676485
189731.37910113274	2911.296789676485
189731.37910113274	2911.296789676485
189731.37910113274	2911.296789676485
189731.37910113274	2911.296789676485
189731.37910113274	2911.296789676485
189731.37910113274	2911.296789676485
189731.37910113274	2911.296789676485
189731.37910113274	2911.296789676485
189731.37910113274	2911.296789676485
189731.37910113274	2911.296789676485
189731.37910113274	2911.296789676485
189731.37910113274	2911.296789676485
189731.37910113274	2911.296789676485
189731.37910113274	2911.296789676485
189731.37910113274	2911.296789676485
189731.37910113274	2911.296789676485
189731.37910113274	2911.296789676485
189731.37910113274	2911.296789676485
189731.37910113274	2911.296789676485
189731.37910113274	2911.296789676485
189731.37910113274	2911.296789676485
189731.37910113274	2911.296789676485
189731.37910113274	2911.296789676485
189731.37910113274	2911.296789676485
189731.37910113274	2911.296789676485
189731.37910113274	2911.296789676485
189731.37910113274	2911.296789676485
189731.37910113274	2911.296789676485
189731.37910113274	2911.296789676485
189731.37910113274	2911.296789676485
189731.37910113274	2911.296789676485
189731.37910113274	2911.296789676485
189731.37910113274	2911.296789676485
189731.37910113274	2911.296789676485
189731.37910113274	2911.296789676485
189731.37910113274	2911.296789676485
189731.37910113274	2911.296789676485
189731.37910113274	2911.296789676485
189731.37910113274	2911.296789676485
189731.37910113274	2911.296789676485
189731.37910113274	2911.296789676485
189731.37910113274	2911.296789676485
189731.37910113274	2911.296789676485
189731.37910113274	2911.296789676485
189731.37910113274	2911.296789676485
189731.37910113274	2911.296789676485
189731.37910113274	2911.296789676485
189731.37910113274	2911.296789676485
189731.37910113274	2911.296789676485
189731.37910113274	2911.296789676485
189731.37910113274	2911.296789676485
189731.37910113274	2911.296789676485
189731.37910113274	2911.296789676485
189731.37910113274	2911.296789676485
189731.37910113274	2911.296789676485
189731.37910113274	2911.296789676485
189731.37910113274	2911.296789676485
189731.37910113274	2911.296789676485
189731.37910113274	2911.296789676485
189731.37910113274	2911.296789676485
189731.37910113274	2911.296789676485
189731.37910113274	2911.296789676485
189731.37910113274	2911.296789676485
189731.37910113274	2911.296789676485
189731.37910113274	2911.296789676485
189731.37910113274	2911.296789676485
189731.37910113274	2911.296789676485
189731.37910113274	2911.296789676485
189731.37910113274	2911.296789676485
189731.37910113274	2911.296789676485
189731.37910113274	2911.296789676485
189731.37910113274	2911.296789676485
189731.37910113274	2911.296789676485
189731.37910113274	2911.296789676485
189731.37910113274	2911.296789676485
189731.37910113274	2911.296789676485
189731.37910113274	2911.296789676485
189731.37910113274	2911.296789676485
189731.37910113274	2911.296789676485
189731.37910113274	2911.296789676485
189731.37910113274	2911.296789676485
189731.37910113274	2911.296789676485
189731.37910113274	2911.296789676485
189731.37910113274	2911.296789676485
189731.37910113274	2911.296789676485
189731.37910113274	2911.296789676485
189819.05670120614	2807.955778767733
189731.37910113274	2911.296789676485
189731.37910113274	2911.296789676485
189731.37910113274	2911.296789676485
189731.37910113274	2911.296789676485
189731.37910113274	2911.296789676485
189731.37910113274	2911.296789676485
189731.37910113274	2911.296789676485
189731.37910113274	2911.296789676485
189731.37910113274	2911.296789676485
189731.37910113274	2911.296789676485
189731.37910113274	2911.296789676485
189731.37910113274	2911.296789676485
189731.37910113274	2911.296789676485
189731.37910113274	2911.296789676485
189731.37910113274	2911.296789676485
189731.37910113274	2911.296789676485
189731.37910113274	2911.296789676485
189731.37910113274	2911.296789676485
189731.37910113274	2911.296789676485
189731.37910113274	2911.296789676485
189731.37910113274	2911.296789676485
189731.37910113274	2911.296789676485
189731.37910113274	2911.296789676485
189731.37910113274	2911.296789676485
189731.37910113274	2911.296789676485
189731.37910113274	2911.296789676485
189731.37910113274	2911.296789676485
189731.37910113274	2911.296789676485
189731.37910113274	2911.296789676485
189731.37910113274	2911.296789676485
189731.37910113274	2911.296789676485
189731.37910113274	2911.296789676485
189731.37910113274	2911.296789676485
189731.37910113274	2911.296789676485
189731.37910113274	2911.296789676485
189731.37910113274	2911.296789676485
189731.37910113274	2911.296789676485
189731.37910113274	2911.296789676485
toanvd
180827.35107891852	3235.812931251528
180827.35107891852	3235.812931251528
180827.35107891852	3235.812931251528
180827.35107891852	3235.812931251528
180827.35107891852	3235.812931251528
180827.35107891852	3235.812931251528
180827.35107891852	3235.812931251528
180827.35107891852	3235.812931251528
180827.35107891852	3235.812931251528
180827.35107891852	3235.812931251528
180827.35107891852	3235.812931251528
180827.35107891852	3235.812931251528
180827.35107891852	3235.812931251528
180827.35107891852	3235.812931251528
180827.35107891852	3235.812931251528
180827.35107891852	3235.812931251528
180827.35107891852	3235.812931251528
180827.35107891852	3235.812931251528
180827.35107891852	3235.812931251528
toanvd
218267.19702025544	3098.542612939897
218267.19702025544	3098.542612939897
208437.18316257332	3938.98614979523
toanvd
195385.07442878626	3209.2764693861886
195385.07442878626	3209.2764693861886
195385.07442878626	3209.2764693861886
195385.07442878626	3209.2764693861886
195385.07442878626	3209.2764693861886
195385.07442878626	3209.2764693861886
toanvd
183950.84198277563	2836.5357289271615
183950.84198277563	2836.5357289271615
183950.84198277563	2836.5357289271615
toanvd
185162.26138824195	2968.5574671580757
toanvd
185956.56868422474	2644.8793665543135
185956.56868422474	2644.8793665543135
185956.56868422474	2644.8793665543135
185956.56868422474	2644.8793665543135
185956.56868422474	2644.8793665543135
185956.56868422474	2644.8793665543135
185956.56868422474	2644.8793665543135
185956.56868422474	2644.8793665543135
185956.56868422474	2644.8793665543135
185956.56868422474	2644.8793665543135
185956.56868422474	2644.8793665543135
185956.56868422474	2644.8793665543135
185956.56868422474	2644.8793665543135
185956.56868422474	2644.8793665543135
185956.56868422474	2644.8793665543135
185956.56868422474	2644.8793665543135
185956.56868422474	2644.8793665543135
185956.56868422474	2644.8793665543135
185956.56868422474	2644.8793665543135
185956.56868422474	2644.8793665543135
185956.56868422474	2644.8793665543135
185956.56868422474	2644.8793665543135
185956.56868422474	2644.8793665543135
185956.56868422474	2644.8793665543135
185956.56868422474	2644.8793665543135
185956.56868422474	2644.8793665543135
185956.56868422474	2644.8793665543135
185956.56868422474	2644.8793665543135
185956.56868422474	2644.8793665543135
185956.56868422474	2644.8793665543135
185956.56868422474	2644.8793665543135
185956.56868422474	2644.8793665543135
185956.56868422474	2644.8793665543135
185956.56868422474	2644.8793665543135
185956.56868422474	2644.8793665543135
185956.56868422474	2644.8793665543135
toanvd
193886.81275813343	3281.3653833846797
toanvd
180380.14825115976	2972.1695279766886
180380.14825115976	2972.1695279766886
toanvd
182907.07606531415	3157.9523415531835
182907.07606531415	3157.9523415531835
182907.07606531415	3157.9523415531835
182907.07606531415	3157.9523415531835
182907.07606531415	3157.9523415531835
182907.07606531415	3157.9523415531835
182907.07606531415	3157.9523415531835
182907.07606531415	3157.9523415531835
182907.07606531415	3157.9523415531835
182907.07606531415	3157.9523415531835
182907.07606531415	3157.9523415531835
182907.07606531415	3157.9523415531835
182907.07606531415	3157.9523415531835
182907.07606531415	3157.9523415531835
182907.07606531415	3157.9523415531835
182907.07606531415	3157.9523415531835
182907.07606531415	3157.9523415531835
182907.07606531415	3157.9523415531835
182907.07606531415	3157.9523415531835
182907.07606531415	3157.9523415531835
182907.07606531415	3157.9523415531835
182907.07606531415	3157.9523415531835
182907.07606531415	3157.9523415531835
182907.07606531415	3157.9523415531835
182907.07606531415	3157.9523415531835
182907.07606531415	3157.9523415531835
182907.07606531415	3157.9523415531835
182907.07606531415	3157.9523415531835
182907.07606531415	3157.9523415531835
182907.07606531415	3157.9523415531835
182907.07606531415	3157.9523415531835
182907.07606531415	3157.9523415531835
182907.07606531415	3157.9523415531835
182907.07606531415	3157.9523415531835
182907.07606531415	3157.9523415531835
182907.07606531415	3157.9523415531835
182907.07606531415	3157.9523415531835
182907.07606531415	3157.9523415531835
182907.07606531415	3157.9523415531835
182907.07606531415	3157.9523415531835
182907.07606531415	3157.9523415531835
182907.07606531415	3157.9523415531835
182907.07606531415	3157.9523415531835
182907.07606531415	3157.9523415531835
182907.07606531415	3157.9523415531835
182907.07606531415	3157.9523415531835
182907.07606531415	3157.9523415531835
182907.07606531415	3157.9523415531835
182907.07606531415	3157.9523415531835
182907.07606531415	3157.9523415531835
182907.07606531415	3157.9523415531835
182907.07606531415	3157.9523415531835
182907.07606531415	3157.9523415531835
182907.07606531415	3157.9523415531835
182907.07606531415	3157.9523415531835
182907.07606531415	3157.9523415531835
182907.07606531415	3157.9523415531835
182907.07606531415	3157.9523415531835
182907.07606531415	3157.9523415531835
182907.07606531415	3157.9523415531835
182907.07606531415	3157.9523415531835
182907.07606531415	3157.9523415531835
182907.07606531415	3157.9523415531835
182907.07606531415	3157.9523415531835
182907.07606531415	3157.9523415531835
182907.07606531415	3157.9523415531835
182907.07606531415	3157.9523415531835
182907.07606531415	3157.9523415531835
182907.07606531415	3157.9523415531835
182907.07606531415	3157.9523415531835
182907.07606531415	3157.9523415531835
182907.07606531415	3157.9523415531835
182907.07606531415	3157.9523415531835
182907.07606531415	3157.9523415531835
182907.07606531415	3157.9523415531835
182907.07606531415	3157.9523415531835
182907.07606531415	3157.9523415531835
182907.07606531415	3157.9523415531835
182907.07606531415	3157.9523415531835
182907.07606531415	3157.9523415531835
182907.07606531415	3157.9523415531835
182907.07606531415	3157.9523415531835
182907.07606531415	3157.9523415531835
182907.07606531415	3157.9523415531835
182907.07606531415	3157.9523415531835
182907.07606531415	3157.9523415531835
182907.07606531415	3157.9523415531835
182907.07606531415	3157.9523415531835
182907.07606531415	3157.9523415531835
182907.07606531415	3157.9523415531835
182907.07606531415	3157.9523415531835
182907.07606531415	3157.9523415531835
182907.07606531415	3157.9523415531835
182907.07606531415	3157.9523415531835
182907.07606531415	3157.9523415531835
182907.07606531415	3157.9523415531835
182907.07606531415	3157.9523415531835
182907.07606531415	3157.9523415531835
182907.07606531415	3157.9523415531835
182907.07606531415	3157.9523415531835
182907.07606531415	3157.9523415531835
182907.07606531415	3157.9523415531835
182907.07606531415	3157.9523415531835
182907.07606531415	3157.9523415531835
182907.07606531415	3157.9523415531835
182907.07606531415	3157.9523415531835
182907.07606531415	3157.9523415531835
182907.07606531415	3157.9523415531835
182907.07606531415	3157.9523415531835
182907.07606531415	3157.9523415531835
182907.07606531415	3157.9523415531835
182907.07606531415	3157.9523415531835
182907.07606531415	3157.9523415531835
182907.07606531415	3157.9523415531835
182907.07606531415	3157.9523415531835
182907.07606531415	3157.9523415531835
182907.07606531415	3157.9523415531835
182907.07606531415	3157.9523415531835
182907.07606531415	3157.9523415531835
182907.07606531415	3157.9523415531835
182907.07606531415	3157.9523415531835
182907.07606531415	3157.9523415531835
182907.07606531415	3157.9523415531835
182907.07606531415	3157.9523415531835
182907.07606531415	3157.9523415531835
182907.07606531415	3157.9523415531835
182907.07606531415	3157.9523415531835
182907.07606531415	3157.9523415531835
182907.07606531415	3157.9523415531835
182907.07606531415	3157.9523415531835
182907.07606531415	3157.9523415531835
182907.07606531415	3157.9523415531835
182907.07606531415	3157.9523415531835
182907.07606531415	3157.9523415531835
182907.07606531415	3157.9523415531835
182907.07606531415	3157.9523415531835
182907.07606531415	3157.9523415531835
182907.07606531415	3157.9523415531835
182907.07606531415	3157.9523415531835
182907.07606531415	3157.9523415531835
182907.07606531415	3157.9523415531835
182907.07606531415	3157.9523415531835
182907.07606531415	3157.9523415531835
182907.07606531415	3157.9523415531835
182907.07606531415	3157.9523415531835
182907.07606531415	3157.9523415531835
182907.07606531415	3157.9523415531835
182907.07606531415	3157.9523415531835
182907.07606531415	3157.9523415531835
182907.07606531415	3157.9523415531835
182907.07606531415	3157.9523415531835
182907.07606531415	3157.9523415531835
182907.07606531415	3157.9523415531835
182907.07606531415	3157.9523415531835
182907.07606531415	3157.9523415531835
182907.07606531415	3157.9523415531835
182907.07606531415	3157.9523415531835
182907.07606531415	3157.9523415531835
182907.07606531415	3157.9523415531835
182907.07606531415	3157.9523415531835
182907.07606531415	3157.9523415531835
182907.07606531415	3157.9523415531835
182907.07606531415	3157.9523415531835
182907.07606531415	3157.9523415531835
182907.07606531415	3157.9523415531835
182907.07606531415	3157.9523415531835
182907.07606531415	3157.9523415531835
182907.07606531415	3157.9523415531835
182907.07606531415	3157.9523415531835
182907.07606531415	3157.9523415531835
182907.07606531415	3157.9523415531835
182907.07606531415	3157.9523415531835
182907.07606531415	3157.9523415531835
182907.07606531415	3157.9523415531835
182907.07606531415	3157.9523415531835
182907.07606531415	3157.9523415531835
182907.07606531415	3157.9523415531835
182907.07606531415	3157.9523415531835
182907.07606531415	3157.9523415531835
182907.07606531415	3157.9523415531835
182907.07606531415	3157.9523415531835
182907.07606531415	3157.9523415531835
182907.07606531415	3157.9523415531835
182907.07606531415	3157.9523415531835
182907.07606531415	3157.9523415531835
182907.07606531415	3157.9523415531835
182907.07606531415	3157.9523415531835
182907.07606531415	3157.9523415531835
182907.07606531415	3157.9523415531835
182907.07606531415	3157.9523415531835
182907.07606531415	3157.9523415531835
182907.07606531415	3157.9523415531835
182907.07606531415	3157.9523415531835
182907.07606531415	3157.9523415531835
182907.07606531415	3157.9523415531835
182907.07606531415	3157.9523415531835
182907.07606531415	3157.9523415531835
182907.07606531415	3157.9523415531835
182907.07606531415	3157.9523415531835
182907.07606531415	3157.9523415531835
toanvd
182915.8440272598	2813.549188371772
182915.8440272598	2813.549188371772
182915.8440272598	2813.549188371772
182915.8440272598	2813.549188371772
toanvd
188734.82666038847	2985.4292144844067
188734.82666038847	2985.4292144844067
188734.82666038847	2985.4292144844067
188734.82666038847	2985.4292144844067
188734.82666038847	2985.4292144844067
188734.82666038847	2985.4292144844067
188734.82666038847	2985.4292144844067
188734.82666038847	2985.4292144844067
188734.82666038847	2985.4292144844067
188734.82666038847	2985.4292144844067
188734.82666038847	2985.4292144844067
188734.82666038847	2985.4292144844067
188734.82666038847	2985.4292144844067
188734.82666038847	2985.4292144844067
188734.82666038847	2985.4292144844067
188734.82666038847	2985.4292144844067
188734.82666038847	2985.4292144844067
188734.82666038847	2985.4292144844067
188734.82666038847	2985.4292144844067
188734.82666038847	2985.4292144844067
187742.25828157665	3062.2819816044603
188734.82666038847	2985.4292144844067
188734.82666038847	2985.4292144844067
188734.82666038847	2985.4292144844067
188734.82666038847	2985.4292144844067
188734.82666038847	2985.4292144844067
188734.82666038847	2985.4292144844067
187742.25828157665	3062.2819816044603
188734.82666038847	2985.4292144844067
188734.82666038847	2985.4292144844067
188734.82666038847	2985.4292144844067
188734.82666038847	2985.4292144844067
188734.82666038847	2985.4292144844067
188734.82666038847	2985.4292144844067
188734.82666038847	2985.4292144844067
188734.82666038847	2985.4292144844067
188734.82666038847	2985.4292144844067
188734.82666038847	2985.4292144844067
187742.25828157665	3062.2819816044603
188734.82666038847	2985.4292144844067
188734.82666038847	2985.4292144844067
188734.82666038847	2985.4292144844067
187742.25828157665	3062.2819816044603
188734.82666038847	2985.4292144844067
188734.82666038847	2985.4292144844067
188734.82666038847	2985.4292144844067
188734.82666038847	2985.4292144844067
188734.82666038847	2985.4292144844067
188734.82666038847	2985.4292144844067
188734.82666038847	2985.4292144844067
188734.82666038847	2985.4292144844067
188734.82666038847	2985.4292144844067
188734.82666038847	2985.4292144844067
188734.82666038847	2985.4292144844067
187742.25828157665	3062.2819816044603
188734.82666038847	2985.4292144844067
188734.82666038847	2985.4292144844067
187742.25828157665	3062.2819816044603
188734.82666038847	2985.4292144844067
188734.82666038847	2985.4292144844067
188734.82666038847	2985.4292144844067
188734.82666038847	2985.4292144844067
188734.82666038847	2985.4292144844067
188734.82666038847	2985.4292144844067
188734.82666038847	2985.4292144844067
188734.82666038847	2985.4292144844067
188734.82666038847	2985.4292144844067
188734.82666038847	2985.4292144844067
188734.82666038847	2985.4292144844067
188734.82666038847	2985.4292144844067
187742.25828157665	3062.2819816044603
188734.82666038847	2985.4292144844067
188734.82666038847	2985.4292144844067
188734.82666038847	2985.4292144844067
188734.82666038847	2985.4292144844067
188734.82666038847	2985.4292144844067
188734.82666038847	2985.4292144844067
188734.82666038847	2985.4292144844067
188734.82666038847	2985.4292144844067
188734.82666038847	2985.4292144844067
188734.82666038847	2985.4292144844067
188734.82666038847	2985.4292144844067
188734.82666038847	2985.4292144844067
188734.82666038847	2985.4292144844067
188734.82666038847	2985.4292144844067
188734.82666038847	2985.4292144844067
188734.82666038847	2985.4292144844067
188734.82666038847	2985.4292144844067
188734.82666038847	2985.4292144844067
188734.82666038847	2985.4292144844067
188734.82666038847	2985.4292144844067
187742.25828157665	3062.2819816044603
188734.82666038847	2985.4292144844067
188734.82666038847	2985.4292144844067
188734.82666038847	2985.4292144844067
188734.82666038847	2985.4292144844067
188734.82666038847	2985.4292144844067
188734.82666038847	2985.4292144844067
188734.82666038847	2985.4292144844067
188734.82666038847	2985.4292144844067
188734.82666038847	2985.4292144844067
187742.25828157665	3062.2819816044603
188734.82666038847	2985.4292144844067
188734.82666038847	2985.4292144844067
188734.82666038847	2985.4292144844067
188734.82666038847	2985.4292144844067
188734.82666038847	2985.4292144844067
188734.82666038847	2985.4292144844067
188734.82666038847	2985.4292144844067
188734.82666038847	2985.4292144844067
188734.82666038847	2985.4292144844067
188734.82666038847	2985.4292144844067
188734.82666038847	2985.4292144844067
188734.82666038847	2985.4292144844067
188734.82666038847	2985.4292144844067
188734.82666038847	2985.4292144844067
188734.82666038847	2985.4292144844067
188734.82666038847	2985.4292144844067
188734.82666038847	2985.4292144844067
188734.82666038847	2985.4292144844067
188734.82666038847	2985.4292144844067
188734.82666038847	2985.4292144844067
188734.82666038847	2985.4292144844067
188734.82666038847	2985.4292144844067
187742.25828157665	3062.2819816044603
188734.82666038847	2985.4292144844067
187742.25828157665	3062.2819816044603
188734.82666038847	2985.4292144844067
188734.82666038847	2985.4292144844067
188734.82666038847	2985.4292144844067
188734.82666038847	2985.4292144844067
188734.82666038847	2985.4292144844067
188734.82666038847	2985.4292144844067
188734.82666038847	2985.4292144844067
188734.82666038847	2985.4292144844067
188734.82666038847	2985.4292144844067
188734.82666038847	2985.4292144844067
188734.82666038847	2985.4292144844067
188734.82666038847	2985.4292144844067
189033.39978497408	2856.403163449258
187742.25828157665	3062.2819816044603
188734.82666038847	2985.4292144844067
188734.82666038847	2985.4292144844067
188734.82666038847	2985.4292144844067
188734.82666038847	2985.4292144844067
188734.82666038847	2985.4292144844067
188734.82666038847	2985.4292144844067
188734.82666038847	2985.4292144844067
188734.82666038847	2985.4292144844067
188734.82666038847	2985.4292144844067
188734.82666038847	2985.4292144844067
188734.82666038847	2985.4292144844067
188734.82666038847	2985.4292144844067
188734.82666038847	2985.4292144844067
187742.25828157665	3062.2819816044603
188734.82666038847	2985.4292144844067
188734.82666038847	2985.4292144844067
188734.82666038847	2985.4292144844067
188734.82666038847	2985.4292144844067
188734.82666038847	2985.4292144844067
188734.82666038847	2985.4292144844067
188734.82666038847	2985.4292144844067
188734.82666038847	2985.4292144844067
188734.82666038847	2985.4292144844067
188734.82666038847	2985.4292144844067
187742.25828157665	3062.2819816044603
188734.82666038847	2985.4292144844067
188734.82666038847	2985.4292144844067
188734.82666038847	2985.4292144844067
188734.82666038847	2985.4292144844067
187742.25828157665	3062.2819816044603
188734.82666038847	2985.4292144844067
188734.82666038847	2985.4292144844067
188734.82666038847	2985.4292144844067
188734.82666038847	2985.4292144844067
188734.82666038847	2985.4292144844067
188734.82666038847	2985.4292144844067
188734.82666038847	2985.4292144844067
188734.82666038847	2985.4292144844067
188734.82666038847	2985.4292144844067
188734.82666038847	2985.4292144844067
188734.82666038847	2985.4292144844067
187742.25828157665	3062.2819816044603
188734.82666038847	2985.4292144844067
188734.82666038847	2985.4292144844067
188734.82666038847	2985.4292144844067
188734.82666038847	2985.4292144844067
188734.82666038847	2985.4292144844067
188734.82666038847	2985.4292144844067
188734.82666038847	2985.4292144844067
188734.82666038847	2985.4292144844067
188734.82666038847	2985.4292144844067
188734.82666038847	2985.4292144844067
188734.82666038847	2985.4292144844067
188734.82666038847	2985.4292144844067
188734.82666038847	2985.4292144844067
188734.82666038847	2985.4292144844067
188734.82666038847	2985.4292144844067
188734.82666038847	2985.4292144844067
188734.82666038847	2985.4292144844067
toanvd
199007.37175602384	2811.1424500230646
196865.5483125105	2822.1452405144564
199007.37175602384	2811.1424500230646
199007.37175602384	2811.1424500230646
196865.5483125105	2822.1452405144564
199007.37175602384	2811.1424500230646
199007.37175602384	2811.1424500230646
199007.37175602384	2811.1424500230646
199007.37175602384	2811.1424500230646
196865.5483125105	2822.1452405144564
199007.37175602384	2811.1424500230646
196865.5483125105	2822.1452405144564
199007.37175602384	2811.1424500230646
196865.5483125105	2822.1452405144564
196865.5483125105	2822.1452405144564
199007.37175602384	2811.1424500230646
199007.37175602384	2811.1424500230646
199007.37175602384	2811.1424500230646
196865.5483125105	2822.1452405144564
199007.37175602384	2811.1424500230646
195518.34229601914	2862.3237371761406
199007.37175602384	2811.1424500230646
199007.37175602384	2811.1424500230646
199007.37175602384	2811.1424500230646
199007.37175602384	2811.1424500230646
196865.5483125105	2822.1452405144564
199007.37175602384	2811.1424500230646
199007.37175602384	2811.1424500230646
199007.37175602384	2811.1424500230646
199007.37175602384	2811.1424500230646
199007.37175602384	2811.1424500230646
199007.37175602384	2811.1424500230646
199007.37175602384	2811.1424500230646
196865.5483125105	2822.1452405144564
199007.37175602384	2811.1424500230646
196865.5483125105	2822.1452405144564
196865.5483125105	2822.1452405144564
199007.37175602384	2811.1424500230646
199007.37175602384	2811.1424500230646
195518.34229601914	2862.3237371761406
199007.37175602384	2811.1424500230646
199007.37175602384	2811.1424500230646
199007.37175602384	2811.1424500230646
196865.5483125105	2822.1452405144564
199007.37175602384	2811.1424500230646
196865.5483125105	2822.1452405144564
199007.37175602384	2811.1424500230646
195518.34229601914	2862.3237371761406
199007.37175602384	2811.1424500230646
199007.37175602384	2811.1424500230646
196865.5483125105	2822.1452405144564
199007.37175602384	2811.1424500230646
199007.37175602384	2811.1424500230646
199007.37175602384	2811.1424500230646
199007.37175602384	2811.1424500230646
199007.37175602384	2811.1424500230646
199007.37175602384	2811.1424500230646
199007.37175602384	2811.1424500230646
199007.37175602384	2811.1424500230646
199007.37175602384	2811.1424500230646
199007.37175602384	2811.1424500230646
199007.37175602384	2811.1424500230646
199007.37175602384	2811.1424500230646
199007.37175602384	2811.1424500230646
196865.5483125105	2822.1452405144564
196865.5483125105	2822.1452405144564
199007.37175602384	2811.1424500230646
199007.37175602384	2811.1424500230646
199007.37175602384	2811.1424500230646
199007.37175602384	2811.1424500230646
199007.37175602384	2811.1424500230646
196865.5483125105	2822.1452405144564
199007.37175602384	2811.1424500230646
196865.5483125105	2822.1452405144564
196865.5483125105	2822.1452405144564
199007.37175602384	2811.1424500230646
196865.5483125105	2822.1452405144564
196865.5483125105	2822.1452405144564
196865.5483125105	2822.1452405144564
195518.34229601914	2862.3237371761406
199007.37175602384	2811.1424500230646
199007.37175602384	2811.1424500230646
199007.37175602384	2811.1424500230646
199007.37175602384	2811.1424500230646
199007.37175602384	2811.1424500230646
199007.37175602384	2811.1424500230646
196865.5483125105	2822.1452405144564
199007.37175602384	2811.1424500230646
199007.37175602384	2811.1424500230646
199007.37175602384	2811.1424500230646
199007.37175602384	2811.1424500230646
196865.5483125105	2822.1452405144564
199007.37175602384	2811.1424500230646
196865.5483125105	2822.1452405144564
199007.37175602384	2811.1424500230646
199007.37175602384	2811.1424500230646
196865.5483125105	2822.1452405144564
196865.5483125105	2822.1452405144564
199007.37175602384	2811.1424500230646
199007.37175602384	2811.1424500230646
199007.37175602384	2811.1424500230646
199007.37175602384	2811.1424500230646
199007.37175602384	2811.1424500230646
199007.37175602384	2811.1424500230646
196865.5483125105	2822.1452405144564
199007.37175602384	2811.1424500230646
199007.37175602384	2811.1424500230646
196865.5483125105	2822.1452405144564
196865.5483125105	2822.1452405144564
toanvd
185474.83838794995	3064.5305291588274
toanvd
