241296.62912256666	3911.344575745633
241296.62912256666	3911.344575745633
241296.62912256666	3911.344575745633
241296.62912256666	3911.344575745633
238784.74835177435	4446.497313162789
toanvd
235403.16370000967	4217.735437894258
235403.16370000967	4217.735437894258
toanvd
234818.69104958978	4009.4642725099743
235080.5028258012	3703.1955859850027
235080.5028258012	3703.1955859850027
235080.5028258012	3703.1955859850027
235080.5028258012	3703.1955859850027
235080.5028258012	3703.1955859850027
235080.5028258012	3703.1955859850027
235080.5028258012	3703.1955859850027
toanvd
235319.01595166672	3829.2523466207085
235319.01595166672	3829.2523466207085
232755.4696470205	4466.260244114011
232755.4696470205	4466.260244114011
toanvd
243869.06226236303	3481.152230952649
243869.06226236303	3481.152230952649
241712.12230783553	3538.1752979297557
243869.06226236303	3481.152230952649
243869.06226236303	3481.152230952649
240346.2584779714	3552.560065373893
248813.3388241262	3473.056001336892
248813.3388241262	3473.056001336892
236986.29244094167	3676.7450990241045
toanvd
254363.25825252238	3873.3244592155384
254363.25825252238	3873.3244592155384
253030.5871568287	3913.8348734471983
254363.25825252238	3873.3244592155384
254363.25825252238	3873.3244592155384
248634.326088924	3931.0514300065493
254363.25825252238	3873.3244592155384
247882.00260360554	3954.4841681016383
247882.00260360554	3954.4841681016383
243720.293633719	4067.222783382123
243720.293633719	4067.222783382123
243720.293633719	4067.222783382123
243720.293633719	4067.222783382123
243720.293633719	4067.222783382123
243720.293633719	4067.222783382123
243720.293633719	4067.222783382123
243720.293633719	4067.222783382123
toanvd
240555.19207496068	3778.537848617102
240555.19207496068	3778.537848617102
240555.19207496068	3778.537848617102
240555.19207496068	3778.537848617102
toanvd
251209.63426496912	3848.5246367983027
251209.63426496912	3848.5246367983027
251209.63426496912	3848.5246367983027
251209.63426496912	3848.5246367983027
251209.63426496912	3848.5246367983027
251209.63426496912	3848.5246367983027
251209.63426496912	3848.5246367983027
251209.63426496912	3848.5246367983027
251209.63426496912	3848.5246367983027
251209.63426496912	3848.5246367983027
251209.63426496912	3848.5246367983027
251209.63426496912	3848.5246367983027
251209.63426496912	3848.5246367983027
251209.63426496912	3848.5246367983027
251209.63426496912	3848.5246367983027
251209.63426496912	3848.5246367983027
251209.63426496912	3848.5246367983027
251209.63426496912	3848.5246367983027
251209.63426496912	3848.5246367983027
241562.8105067789	4295.636910068886
241562.8105067789	4295.636910068886
243469.2377274419	3867.21101687469
243469.2377274419	3867.21101687469
243469.2377274419	3867.21101687469
toanvd
229777.36963682622	4021.373258023636
235972.29158027685	3978.7832563405564
235972.29158027685	3978.7832563405564
235972.29158027685	3978.7832563405564
235972.29158027685	3978.7832563405564
229777.36963682622	4021.373258023636
235972.29158027685	3978.7832563405564
235972.29158027685	3978.7832563405564
235972.29158027685	3978.7832563405564
235972.29158027685	3978.7832563405564
235972.29158027685	3978.7832563405564
229777.36963682622	4021.373258023636
229777.36963682622	4021.373258023636
235972.29158027685	3978.7832563405564
235972.29158027685	3978.7832563405564
235972.29158027685	3978.7832563405564
229777.36963682622	4021.373258023636
235972.29158027685	3978.7832563405564
235972.29158027685	3978.7832563405564
235972.29158027685	3978.7832563405564
229777.36963682622	4021.373258023636
229777.36963682622	4021.373258023636
235972.29158027685	3978.7832563405564
229777.36963682622	4021.373258023636
235972.29158027685	3978.7832563405564
229777.36963682622	4021.373258023636
235972.29158027685	3978.7832563405564
235972.29158027685	3978.7832563405564
235972.29158027685	3978.7832563405564
235972.29158027685	3978.7832563405564
229777.36963682622	4021.373258023636
235972.29158027685	3978.7832563405564
229777.36963682622	4021.373258023636
229777.36963682622	4021.373258023636
235972.29158027685	3978.7832563405564
235972.29158027685	3978.7832563405564
235972.29158027685	3978.7832563405564
235972.29158027685	3978.7832563405564
235972.29158027685	3978.7832563405564
235972.29158027685	3978.7832563405564
235972.29158027685	3978.7832563405564
229777.36963682622	4021.373258023636
235972.29158027685	3978.7832563405564
235972.29158027685	3978.7832563405564
229777.36963682622	4021.373258023636
235972.29158027685	3978.7832563405564
235972.29158027685	3978.7832563405564
235972.29158027685	3978.7832563405564
toanvd
238224.00342676055	3523.4600657564633
233159.43104435757	3548.133292730368
231908.0896016343	3601.9979897259764
231908.0896016343	3601.9979897259764
toanvd
242986.79493704313	3562.2547651561817
242986.79493704313	3562.2547651561817
242986.79493704313	3562.2547651561817
242986.79493704313	3562.2547651561817
242986.79493704313	3562.2547651561817
242986.79493704313	3562.2547651561817
242986.79493704313	3562.2547651561817
242986.79493704313	3562.2547651561817
242986.79493704313	3562.2547651561817
242986.79493704313	3562.2547651561817
242986.79493704313	3562.2547651561817
242986.79493704313	3562.2547651561817
242986.79493704313	3562.2547651561817
242986.79493704313	3562.2547651561817
242986.79493704313	3562.2547651561817
242986.79493704313	3562.2547651561817
242986.79493704313	3562.2547651561817
toanvd
241541.2954330852	3507.8366067297447
241541.2954330852	3507.8366067297447
241541.2954330852	3507.8366067297447
241541.2954330852	3507.8366067297447
240628.72572157288	3524.637264646792
toanvd
244720.69866212102	3842.3957733550915
244720.69866212102	3842.3957733550915
244720.69866212102	3842.3957733550915
240629.79423345343	3997.8458025185023
240629.79423345343	3997.8458025185023
240629.79423345343	3997.8458025185023
240629.79423345343	3997.8458025185023
240629.79423345343	3997.8458025185023
240629.79423345343	3997.8458025185023
toanvd
241247.02117294676	4179.008903359352
236969.95360863025	4292.817496387567
248255.00392466874	3911.909554329665
241247.02117294676	4179.008903359352
236969.95360863025	4292.817496387567
248255.00392466874	3911.909554329665
241247.02117294676	4179.008903359352
248255.00392466874	3911.909554329665
236969.95360863025	4292.817496387567
236969.95360863025	4292.817496387567
236969.95360863025	4292.817496387567
236969.95360863025	4292.817496387567
236969.95360863025	4292.817496387567
236969.95360863025	4292.817496387567
236969.95360863025	4292.817496387567
236969.95360863025	4292.817496387567
241247.02117294676	4179.008903359352
236969.95360863025	4292.817496387567
236969.95360863025	4292.817496387567
236969.95360863025	4292.817496387567
236969.95360863025	4292.817496387567
236969.95360863025	4292.817496387567
236969.95360863025	4292.817496387567
236969.95360863025	4292.817496387567
236969.95360863025	4292.817496387567
248255.00392466874	3911.909554329665
236969.95360863025	4292.817496387567
237774.78516192763	4269.309957549113
237774.78516192763	4269.309957549113
237774.78516192763	4269.309957549113
237774.78516192763	4269.309957549113
237774.78516192763	4269.309957549113
237774.78516192763	4269.309957549113
237774.78516192763	4269.309957549113
237774.78516192763	4269.309957549113
237774.78516192763	4269.309957549113
237774.78516192763	4269.309957549113
237774.78516192763	4269.309957549113
237774.78516192763	4269.309957549113
237774.78516192763	4269.309957549113
237774.78516192763	4269.309957549113
toanvd
245769.6280371508	3709.8908771893553
246549.63673490979	3695.496280053341
245623.96168964638	4001.722363760201
246549.63673490979	3695.496280053341
245623.96168964638	4001.722363760201
245623.96168964638	4001.722363760201
245612.80515020908	4008.8329528391864
245769.6280371508	3709.8908771893553
246549.63673490979	3695.496280053341
toanvd
240625.20550342122	3978.1297940378186
238852.7740887764	4093.142227212154
240625.20550342122	3978.1297940378186
240625.20550342122	3978.1297940378186
246324.3988416697	3707.9670117905616
238852.7740887764	4093.142227212154
246324.3988416697	3707.9670117905616
246324.3988416697	3707.9670117905616
238852.7740887764	4093.142227212154
240625.20550342122	3978.1297940378186
toanvd
237802.5196559874	3699.097753799907
240698.37771895702	3624.8755245376233
241744.400192483	3506.7207292237986
237802.5196559874	3699.097753799907
237802.5196559874	3699.097753799907
240698.37771895702	3624.8755245376233
237802.5196559874	3699.097753799907
240698.37771895702	3624.8755245376233
237802.5196559874	3699.097753799907
237802.5196559874	3699.097753799907
236554.2025117489	3793.0351037443593
237802.5196559874	3699.097753799907
237802.5196559874	3699.097753799907
237802.5196559874	3699.097753799907
237802.5196559874	3699.097753799907
240698.37771895702	3624.8755245376233
237802.5196559874	3699.097753799907
237802.5196559874	3699.097753799907
toanvd
240818.88587825597	3632.1989342262036
240818.88587825597	3632.1989342262036
240326.94612393976	3715.062111942217
240818.88587825597	3632.1989342262036
240818.88587825597	3632.1989342262036
240326.94612393976	3715.062111942217
240818.88587825597	3632.1989342262036
240326.94612393976	3715.062111942217
240818.88587825597	3632.1989342262036
240326.94612393976	3715.062111942217
240818.88587825597	3632.1989342262036
240818.88587825597	3632.1989342262036
240818.88587825597	3632.1989342262036
240818.88587825597	3632.1989342262036
240326.94612393976	3715.062111942217
240326.94612393976	3715.062111942217
240326.94612393976	3715.062111942217
240818.88587825597	3632.1989342262036
240867.51980873378	3413.0191803411844
240326.94612393976	3715.062111942217
239136.88557128236	3793.0351037443593
239136.88557128236	3793.0351037443593
239136.88557128236	3793.0351037443593
239136.88557128236	3793.0351037443593
toanvd
252147.47372561606	3752.3278002315647
252147.47372561606	3752.3278002315647
252147.47372561606	3752.3278002315647
248611.16675698644	3784.1555127760053
248611.16675698644	3784.1555127760053
248611.16675698644	3784.1555127760053
248611.16675698644	3784.1555127760053
246718.15288115153	3947.9647699516254
246718.15288115153	3947.9647699516254
248611.16675698644	3784.1555127760053
252147.47372561606	3752.3278002315647
252147.47372561606	3752.3278002315647
246718.15288115153	3947.9647699516254
246718.15288115153	3947.9647699516254
252147.47372561606	3752.3278002315647
248611.16675698644	3784.1555127760053
246718.15288115153	3947.9647699516254
252147.47372561606	3752.3278002315647
246718.15288115153	3947.9647699516254
252147.47372561606	3752.3278002315647
252147.47372561606	3752.3278002315647
248611.16675698644	3784.1555127760053
246718.15288115153	3947.9647699516254
246718.15288115153	3947.9647699516254
248611.16675698644	3784.1555127760053
248611.16675698644	3784.1555127760053
252147.47372561606	3752.3278002315647
252147.47372561606	3752.3278002315647
248611.16675698644	3784.1555127760053
252147.47372561606	3752.3278002315647
246718.15288115153	3947.9647699516254
252147.47372561606	3752.3278002315647
246718.15288115153	3947.9647699516254
252147.47372561606	3752.3278002315647
252147.47372561606	3752.3278002315647
252147.47372561606	3752.3278002315647
252147.47372561606	3752.3278002315647
252147.47372561606	3752.3278002315647
252147.47372561606	3752.3278002315647
252147.47372561606	3752.3278002315647
245069.85633741523	4111.955274425678
245069.85633741523	4111.955274425678
245069.85633741523	4111.955274425678
245069.85633741523	4111.955274425678
245069.85633741523	4111.955274425678
245069.85633741523	4111.955274425678
245069.85633741523	4111.955274425678
245069.85633741523	4111.955274425678
245069.85633741523	4111.955274425678
toanvd
238360.28240236492	3978.844758939393
238360.28240236492	3978.844758939393
238360.28240236492	3978.844758939393
238360.28240236492	3978.844758939393
253815.7135101593	3814.5604197430343
246186.18514195798	3950.4377753427248
238360.28240236492	3978.844758939393
238360.28240236492	3978.844758939393
254083.60393866512	3617.9391116996894
toanvd
248438.983742363	3979.4213148778585
248652.20798473438	3755.1395940011835
248438.983742363	3979.4213148778585
248438.983742363	3979.4213148778585
248652.20798473438	3755.1395940011835
248438.983742363	3979.4213148778585
248438.983742363	3979.4213148778585
248652.20798473438	3755.1395940011835
248438.983742363	3979.4213148778585
248438.983742363	3979.4213148778585
248438.983742363	3979.4213148778585
248652.20798473438	3755.1395940011835
248438.983742363	3979.4213148778585
248438.983742363	3979.4213148778585
248438.983742363	3979.4213148778585
248438.983742363	3979.4213148778585
248652.20798473438	3755.1395940011835
248652.20798473438	3755.1395940011835
248438.983742363	3979.4213148778585
248438.983742363	3979.4213148778585
248438.983742363	3979.4213148778585
248438.983742363	3979.4213148778585
239803.33735785898	4361.855296184014
248438.983742363	3979.4213148778585
248438.983742363	3979.4213148778585
249326.20977943303	3716.0212916299547
248652.20798473438	3755.1395940011835
248438.983742363	3979.4213148778585
248438.983742363	3979.4213148778585
248438.983742363	3979.4213148778585
248438.983742363	3979.4213148778585
248438.983742363	3979.4213148778585
248652.20798473438	3755.1395940011835
248438.983742363	3979.4213148778585
248438.983742363	3979.4213148778585
248438.983742363	3979.4213148778585
248438.983742363	3979.4213148778585
248652.20798473438	3755.1395940011835
toanvd
235124.34369140494	3733.2649837893273
235124.34369140494	3733.2649837893273
235124.34369140494	3733.2649837893273
231987.18272287294	3953.1458067807707
232224.29950061784	3821.2012384262916
toanvd
248623.2643374927	3511.435710267792
248623.2643374927	3511.435710267792
248623.2643374927	3511.435710267792
246077.52532776078	3657.7076191902192
246077.52532776078	3657.7076191902192
246077.52532776078	3657.7076191902192
246077.52532776078	3657.7076191902192
246077.52532776078	3657.7076191902192
toanvd
241473.02500471254	4001.5259088601424
245228.9598999201	3873.3244592155384
240281.62496913192	4080.7297251897667
241473.02500471254	4001.5259088601424
245228.9598999201	3873.3244592155384
241473.02500471254	4001.5259088601424
245228.9598999201	3873.3244592155384
toanvd
244306.85788516965	3416.130920910549
239662.8421732603	3440.218907838736
toanvd
242669.11832172476	3793.0534293291566
242669.11832172476	3793.0534293291566
237870.63883711543	4555.066641986238
242669.11832172476	3793.0534293291566
241231.5949249551	4128.0366551892575
toanvd
239083.88614542966	3543.228477368225
238116.37380701487	3573.716764608074
238116.37380701487	3573.716764608074
toanvd
240991.42325688677	3861.6526913717103
240991.42325688677	3861.6526913717103
240876.50076969143	4073.3066153692293
toanvd
231109.77120337513	3863.958045343495
231213.29215509986	3862.4322614640596
231109.77120337513	3863.958045343495
231109.77120337513	3863.958045343495
232118.41371280784	3761.0541597271
232118.41371280784	3761.0541597271
232118.41371280784	3761.0541597271
toanvd
242537.054676039	3926.3560436128278
242537.054676039	3926.3560436128278
242537.054676039	3926.3560436128278
242537.054676039	3926.3560436128278
242537.054676039	3926.3560436128278
242537.054676039	3926.3560436128278
242537.054676039	3926.3560436128278
242537.054676039	3926.3560436128278
242537.054676039	3926.3560436128278
242537.054676039	3926.3560436128278
242537.054676039	3926.3560436128278
242537.054676039	3926.3560436128278
242537.054676039	3926.3560436128278
242537.054676039	3926.3560436128278
242537.054676039	3926.3560436128278
242537.054676039	3926.3560436128278
242537.054676039	3926.3560436128278
242537.054676039	3926.3560436128278
toanvd
241544.52913375414	3359.1022135075177
237820.91839717186	3510.597476547993
237820.91839717186	3510.597476547993
237820.91839717186	3510.597476547993
237820.91839717186	3510.597476547993
237820.91839717186	3510.597476547993
toanvd
241172.6600369021	3307.937677276259
241172.6600369021	3307.937677276259
toanvd
246977.30638891924	3585.1803739739253
244812.93088467763	3767.9718135952908
242572.05360623245	3867.3491608520885
toanvd
232193.37325537766	3563.102947532853
toanvd
230604.83074777992	3733.7047751108116
230604.83074777992	3733.7047751108116
230604.83074777992	3733.7047751108116
230604.83074777992	3733.7047751108116
230604.83074777992	3733.7047751108116
230604.83074777992	3733.7047751108116
230604.83074777992	3733.7047751108116
230604.83074777992	3733.7047751108116
230604.83074777992	3733.7047751108116
230604.83074777992	3733.7047751108116
230604.83074777992	3733.7047751108116
230604.83074777992	3733.7047751108116
230604.83074777992	3733.7047751108116
232823.48035466514	3670.2529402300524
233329.21416462076	3591.963131547262
230604.83074777992	3733.7047751108116
230604.83074777992	3733.7047751108116
230604.83074777992	3733.7047751108116
230604.83074777992	3733.7047751108116
230604.83074777992	3733.7047751108116
230604.83074777992	3733.7047751108116
230604.83074777992	3733.7047751108116
230604.83074777992	3733.7047751108116
232823.48035466514	3670.2529402300524
230604.83074777992	3733.7047751108116
230604.83074777992	3733.7047751108116
230604.83074777992	3733.7047751108116
230604.83074777992	3733.7047751108116
230604.83074777992	3733.7047751108116
230604.83074777992	3733.7047751108116
230604.83074777992	3733.7047751108116
230604.83074777992	3733.7047751108116
230604.83074777992	3733.7047751108116
230604.83074777992	3733.7047751108116
230604.83074777992	3733.7047751108116
230604.83074777992	3733.7047751108116
232823.48035466514	3670.2529402300524
230604.83074777992	3733.7047751108116
230604.83074777992	3733.7047751108116
233934.58190186953	3522.788169197412
toanvd
237273.07043216634	3676.6111934637224
237273.07043216634	3676.6111934637224
238472.5499459348	3550.971181885398
237273.07043216634	3676.6111934637224
238472.5499459348	3550.971181885398
236474.94012453468	4082.4130454847123
237273.07043216634	3676.6111934637224
238472.5499459348	3550.971181885398
237273.07043216634	3676.6111934637224
237273.07043216634	3676.6111934637224
238472.5499459348	3550.971181885398
237273.07043216634	3676.6111934637224
238472.5499459348	3550.971181885398
237273.07043216634	3676.6111934637224
239629.9692418311	3291.448791493814
toanvd
243117.4733307092	3829.8082425184184
243117.4733307092	3829.8082425184184
243117.4733307092	3829.8082425184184
235141.1196862086	3991.274650578179
237479.68015872966	3844.2765831060547
235668.10197781314	3946.2879563868205
235668.10197781314	3946.2879563868205
235668.10197781314	3946.2879563868205
235668.10197781314	3946.2879563868205
235668.10197781314	3946.2879563868205
235668.10197781314	3946.2879563868205
toanvd
244772.68753567664	3827.473331135139
244772.68753567664	3827.473331135139
244772.68753567664	3827.473331135139
toanvd
240069.55035272436	3394.1649481797817
240069.55035272436	3394.1649481797817
236573.9384488283	3404.7005351757607
236573.9384488283	3404.7005351757607
236573.9384488283	3404.7005351757607
236573.9384488283	3404.7005351757607
236573.9384488283	3404.7005351757607
236573.9384488283	3404.7005351757607
toanvd
240499.81121717693	3716.0212916299547
241106.35721255504	3462.5805292441073
240499.81121717693	3716.0212916299547
toanvd
232747.996624846	3928.4581944005618
233893.56834635738	3895.0656393854006
227279.1402862189	3986.3750592750175
227279.1402862189	3986.3750592750175
toanvd
237030.61156818297	3660.9287952977015
toanvd
252982.3653665828	3531.240249732633
252982.3653665828	3531.240249732633
249541.81450127577	3784.1555127760053
252982.3653665828	3531.240249732633
245828.91151529504	3845.823789271184
toanvd
233025.35214541128	3442.444031608462
toanvd
243683.2438884772	3260.8125453248686
242000.27462409015	3565.395999134603
243460.5665307418	3546.161230866967
243460.5665307418	3546.161230866967
243460.5665307418	3546.161230866967
toanvd
240998.45041218668	4109.630719121153
245190.27133044312	3392.3377953763547
toanvd
231613.13108772482	3684.24607735778
228397.38843022255	4124.385123785439
228397.38843022255	4124.385123785439
toanvd
239465.9121397733	3854.6469162245885
239465.9121397733	3854.6469162245885
239465.9121397733	3854.6469162245885
239465.9121397733	3854.6469162245885
239465.9121397733	3854.6469162245885
239465.9121397733	3854.6469162245885
toanvd
237705.482387575	3601.8816126478655
237705.482387575	3601.8816126478655
toanvd
237475.8709449606	3699.097753799907
238806.34126575224	3565.6047001522616
238806.34126575224	3565.6047001522616
238806.34126575224	3565.6047001522616
238806.34126575224	3565.6047001522616
toanvd
236525.02944732475	4278.085267797956
236525.02944732475	4278.085267797956
262072.75952175946	3929.8977614198957
262072.75952175946	3929.8977614198957
266458.7750911159	3734.5968340893155
251383.61238828622	4186.64873798674
236525.02944732475	4278.085267797956
236525.02944732475	4278.085267797956
236525.02944732475	4278.085267797956
236525.02944732475	4278.085267797956
236525.02944732475	4278.085267797956
236525.02944732475	4278.085267797956
254901.68196816123	3955.266424086301
toanvd
235037.19331982324	3803.1152534878765
235037.19331982324	3803.1152534878765
235037.19331982324	3803.1152534878765
235037.19331982324	3803.1152534878765
236586.20083349553	3532.050216733453
toanvd
237375.98349665405	3755.1395940011835
237375.98349665405	3755.1395940011835
237375.98349665405	3755.1395940011835
237375.98349665405	3755.1395940011835
236563.70864231573	3755.959529014673
237375.98349665405	3755.1395940011835
237375.98349665405	3755.1395940011835
239220.72960997527	3737.8537320957007
toanvd
234043.106558309	3532.907648332605
toanvd
252996.13811361618	4080.397355762577
247690.42943854418	4306.360772665255
252996.13811361618	4080.397355762577
268542.4734689639	3818.1933351442904
257719.44409966024	4003.6246273198026
257719.44409966024	4003.6246273198026
257719.44409966024	4003.6246273198026
257719.44409966024	4003.6246273198026
257719.44409966024	4003.6246273198026
257719.44409966024	4003.6246273198026
257719.44409966024	4003.6246273198026
257719.44409966024	4003.6246273198026
257719.44409966024	4003.6246273198026
257719.44409966024	4003.6246273198026
257719.44409966024	4003.6246273198026
257719.44409966024	4003.6246273198026
243148.92229200757	4458.804142646241
toanvd
256161.1377591134	3823.3059580526688
250022.98050378772	4277.9995134698
256161.1377591134	3823.3059580526688
256161.1377591134	3823.3059580526688
256161.1377591134	3823.3059580526688
256161.1377591134	3823.3059580526688
257626.06903896754	3821.452602033866
249581.1325902975	4702.250231676745
249581.1325902975	4702.250231676745
249581.1325902975	4702.250231676745
273624.4164419396	3733.7047751108116
toanvd
238545.84733002307	3891.5735129032364
238737.3917638065	3861.6526913717103
toanvd
241171.42274064268	3911.909554329665
250592.3217971275	3626.740735998935
293935.4756992244	3624.8755245376233
241171.42274064268	3911.909554329665
250592.3217971275	3626.740735998935
241090.73957291088	3972.670402836011
241090.73957291088	3972.670402836011
241090.73957291088	3972.670402836011
241090.73957291088	3972.670402836011
241090.73957291088	3972.670402836011
241090.73957291088	3972.670402836011
241090.73957291088	3972.670402836011
241090.73957291088	3972.670402836011
241090.73957291088	3972.670402836011
241090.73957291088	3972.670402836011
241090.73957291088	3972.670402836011
241090.73957291088	3972.670402836011
241090.73957291088	3972.670402836011
241090.73957291088	3972.670402836011
241090.73957291088	3972.670402836011
241090.73957291088	3972.670402836011
241090.73957291088	3972.670402836011
241090.73957291088	3972.670402836011
241090.73957291088	3972.670402836011
241090.73957291088	3972.670402836011
241090.73957291088	3972.670402836011
240465.41671702906	4095.4800642138403
248439.2854029743	3681.432978549786
248439.2854029743	3681.432978549786
248439.2854029743	3681.432978549786
248439.2854029743	3681.432978549786
toanvd
234314.52182015005	3634.2183201264024
234314.52182015005	3634.2183201264024
234314.52182015005	3634.2183201264024
234314.52182015005	3634.2183201264024
234314.52182015005	3634.2183201264024
toanvd
249074.6076645758	4104.307609009448
241819.7823829403	4187.387531031925
241819.7823829403	4187.387531031925
241819.7823829403	4187.387531031925
241819.7823829403	4187.387531031925
241819.7823829403	4187.387531031925
241819.7823829403	4187.387531031925
241819.7823829403	4187.387531031925
249074.6076645758	4104.307609009448
241505.5720791179	4518.862238250484
249074.6076645758	4104.307609009448
241819.7823829403	4187.387531031925
241819.7823829403	4187.387531031925
260255.26127715042	4066.787716206479
241819.7823829403	4187.387531031925
249074.6076645758	4104.307609009448
241505.5720791179	4518.862238250484
241819.7823829403	4187.387531031925
249074.6076645758	4104.307609009448
249074.6076645758	4104.307609009448
249074.6076645758	4104.307609009448
toanvd
245920.1814364378	3786.368989031945
249188.4236510482	3714.1806536419695
249188.4236510482	3714.1806536419695
249188.4236510482	3714.1806536419695
249188.4236510482	3714.1806536419695
249188.4236510482	3714.1806536419695
249188.4236510482	3714.1806536419695
249188.4236510482	3714.1806536419695
toanvd
247341.36491098633	3576.0161280858124
247341.36491098633	3576.0161280858124
246134.24306183605	3694.5613838175236
246134.24306183605	3694.5613838175236
245975.52595519522	3702.3414606265796
toanvd
253777.99830790196	4083.1938411834212
231370.77883446895	4276.66591620651
231370.77883446895	4276.66591620651
252132.91068507187	4145.493936031651
252132.91068507187	4145.493936031651
252132.91068507187	4145.493936031651
toanvd
242517.2089838404	3938.546298703146
toanvd
241084.68173301272	3720.959027432422
239526.32374999585	4141.477020904411
241351.77959889753	3632.1989342262036
241084.68173301272	3720.959027432422
241351.77959889753	3632.1989342262036
239526.32374999585	4141.477020904411
240509.27248592803	4025.31190211883
240574.80441734943	3997.8458025185023
240509.27248592803	4025.31190211883
240574.80441734943	3997.8458025185023
240509.27248592803	4025.31190211883
240574.80441734943	3997.8458025185023
toanvd
238817.6007791162	3475.8933661435935
238756.10549015398	3486.3749793255015
238817.6007791162	3475.8933661435935
236326.41352538017	3506.7207292237986
236326.41352538017	3506.7207292237986
toanvd
239181.54348156706	3473.017371930359
toanvd
236183.75830727073	3664.940427059675
236183.75830727073	3664.940427059675
236183.75830727073	3664.940427059675
toanvd
244189.51496625305	3560.582066247594
toanvd
234219.48895937784	3365.5361566841298
234219.48895937784	3365.5361566841298
235524.1024970496	3236.503915286064
234219.48895937784	3365.5361566841298
235524.1024970496	3236.503915286064
235297.93270827018	3309.6872366974753
235524.1024970496	3236.503915286064
234219.48895937784	3365.5361566841298
235524.1024970496	3236.503915286064
235524.1024970496	3236.503915286064
235524.1024970496	3236.503915286064
235524.1024970496	3236.503915286064
234219.48895937784	3365.5361566841298
235524.1024970496	3236.503915286064
235524.1024970496	3236.503915286064
234219.48895937784	3365.5361566841298
235524.1024970496	3236.503915286064
235524.1024970496	3236.503915286064
234219.48895937784	3365.5361566841298
234219.48895937784	3365.5361566841298
235524.1024970496	3236.503915286064
235524.1024970496	3236.503915286064
235524.1024970496	3236.503915286064
235524.1024970496	3236.503915286064
235524.1024970496	3236.503915286064
235524.1024970496	3236.503915286064
234219.48895937784	3365.5361566841298
234219.48895937784	3365.5361566841298
234219.48895937784	3365.5361566841298
235524.1024970496	3236.503915286064
235524.1024970496	3236.503915286064
235524.1024970496	3236.503915286064
235524.1024970496	3236.503915286064
235524.1024970496	3236.503915286064
235524.1024970496	3236.503915286064
234219.48895937784	3365.5361566841298
235524.1024970496	3236.503915286064
235047.50848233493	3330.9748839505146
235524.1024970496	3236.503915286064
toanvd
231109.62116340504	3594.1288005701153
231022.65128069953	3856.846354186709
231109.62116340504	3594.1288005701153
231022.65128069953	3856.846354186709
231109.62116340504	3594.1288005701153
230725.75482692747	3921.4515163952983
230725.75482692747	3921.4515163952983
231022.65128069953	3856.846354186709
231109.62116340504	3594.1288005701153
231022.65128069953	3856.846354186709
toanvd
237328.90345536667	3901.387559344343
237531.83220340335	3655.16180519305
237531.83220340335	3655.16180519305
toanvd
229683.7024435999	3517.7737636003644
229683.7024435999	3517.7737636003644
229683.7024435999	3517.7737636003644
229683.7024435999	3517.7737636003644
229683.7024435999	3517.7737636003644
229683.7024435999	3517.7737636003644
229683.7024435999	3517.7737636003644
229683.7024435999	3517.7737636003644
229683.7024435999	3517.7737636003644
229683.7024435999	3517.7737636003644
toanvd
255016.02068275423	3685.553747437234
255016.02068275423	3685.553747437234
255016.02068275423	3685.553747437234
255016.02068275423	3685.553747437234
252767.05912137186	3719.7462305318545
255016.02068275423	3685.553747437234
255016.02068275423	3685.553747437234
255016.02068275423	3685.553747437234
255016.02068275423	3685.553747437234
246326.04908030698	3755.959529014673
255016.02068275423	3685.553747437234
255016.02068275423	3685.553747437234
255016.02068275423	3685.553747437234
255016.02068275423	3685.553747437234
246326.04908030698	3755.959529014673
255016.02068275423	3685.553747437234
255016.02068275423	3685.553747437234
255016.02068275423	3685.553747437234
255016.02068275423	3685.553747437234
255016.02068275423	3685.553747437234
255016.02068275423	3685.553747437234
255016.02068275423	3685.553747437234
255016.02068275423	3685.553747437234
239065.53410140486	4583.570186173959
255016.02068275423	3685.553747437234
255016.02068275423	3685.553747437234
252767.05912137186	3719.7462305318545
255016.02068275423	3685.553747437234
255016.02068275423	3685.553747437234
255016.02068275423	3685.553747437234
255016.02068275423	3685.553747437234
255016.02068275423	3685.553747437234
245708.95950842358	3928.4581944005618
255016.02068275423	3685.553747437234
255016.02068275423	3685.553747437234
255016.02068275423	3685.553747437234
255016.02068275423	3685.553747437234
255016.02068275423	3685.553747437234
255016.02068275423	3685.553747437234
255016.02068275423	3685.553747437234
255016.02068275423	3685.553747437234
255016.02068275423	3685.553747437234
255016.02068275423	3685.553747437234
255016.02068275423	3685.553747437234
252767.05912137186	3719.7462305318545
255016.02068275423	3685.553747437234
255016.02068275423	3685.553747437234
255016.02068275423	3685.553747437234
255016.02068275423	3685.553747437234
255016.02068275423	3685.553747437234
255016.02068275423	3685.553747437234
255016.02068275423	3685.553747437234
255016.02068275423	3685.553747437234
255016.02068275423	3685.553747437234
239445.29311591928	3957.331570778718
239445.29311591928	3957.331570778718
239445.29311591928	3957.331570778718
239445.29311591928	3957.331570778718
239445.29311591928	3957.331570778718
239445.29311591928	3957.331570778718
239445.29311591928	3957.331570778718
239445.29311591928	3957.331570778718
239445.29311591928	3957.331570778718
toanvd
242869.1032614042	3702.681526863876
242869.1032614042	3702.681526863876
241035.44595476822	3764.1296860351626
242869.1032614042	3702.681526863876
242869.1032614042	3702.681526863876
241035.44595476822	3764.1296860351626
242869.1032614042	3702.681526863876
toanvd
244174.78882436946	4576.793426527223
244174.78882436946	4576.793426527223
244306.81283977302	3867.21101687469
244306.81283977302	3867.21101687469
244274.37433673852	3998.6379624509646
244274.37433673852	3998.6379624509646
244274.37433673852	3998.6379624509646
toanvd
245454.11219846192	4009.4642725099743
242304.98372223167	4127.752908822198
245820.71430584262	3951.842759538653
245454.11219846192	4009.4642725099743
toanvd
315177.78007636406	4145.478467197848
315177.78007636406	4145.478467197848
315177.78007636406	4145.478467197848
310731.8466851271	4178.0764251599285
236570.6229773246	4598.23156278476
236570.6229773246	4598.23156278476
261930.7462471135	4239.912843799745
310731.8466851271	4178.0764251599285
236570.6229773246	4598.23156278476
315177.78007636406	4145.478467197848
253045.27579177776	4420.420477997024
236570.6229773246	4598.23156278476
310731.8466851271	4178.0764251599285
toanvd
241352.59152019993	4138.212536285358
243187.96534068944	3867.36027246649
243187.96534068944	3867.36027246649
244894.28172727147	3731.2940368144014
241657.72747901184	3882.8097406741626
237664.5470227881	4162.676089083907
toanvd
245548.07784716124	3672.4306681699104
245548.07784716124	3672.4306681699104
245548.07784716124	3672.4306681699104
245548.07784716124	3672.4306681699104
245548.07784716124	3672.4306681699104
244933.96211737453	3829.2523466207085
toanvd
233860.88992258545	3764.1296860351626
233860.88992258545	3764.1296860351626
233860.88992258545	3764.1296860351626
233860.88992258545	3764.1296860351626
233860.88992258545	3764.1296860351626
236474.15032132706	3557.2070371660866
236474.15032132706	3557.2070371660866
236474.15032132706	3557.2070371660866
236474.15032132706	3557.2070371660866
236474.15032132706	3557.2070371660866
toanvd
231279.32129827133	3508.4512081932457
toanvd
249776.9808436932	4213.079931581947
253692.543295066	4075.8337267178476
toanvd
237359.6615339637	3696.2142562276226
237263.37918967532	4795.129708810684
237359.6615339637	3696.2142562276226
237359.6615339637	3696.2142562276226
237263.37918967532	4795.129708810684
237359.6615339637	3696.2142562276226
237946.986260522	3694.3418363058104
237946.986260522	3694.3418363058104
237946.986260522	3694.3418363058104
237946.986260522	3694.3418363058104
237946.986260522	3694.3418363058104
237946.986260522	3694.3418363058104
239993.88518926693	3677.3333486692027
239993.88518926693	3677.3333486692027
toanvd
247752.32124356148	3530.47029933674
247752.32124356148	3530.47029933674
246506.4947157159	3532.3256579474896
246002.7622092233	3709.8908771893553
246002.7622092233	3709.8908771893553
246002.7622092233	3709.8908771893553
246002.7622092233	3709.8908771893553
246002.7622092233	3709.8908771893553
246002.7622092233	3709.8908771893553
246002.7622092233	3709.8908771893553
246002.7622092233	3709.8908771893553
241592.24099859744	4262.504916313545
245760.15110502305	4027.9142102597107
toanvd
239883.51573330126	3330.4647990873727
239841.39661457328	3488.142126828482
239883.51573330126	3330.4647990873727
239883.51573330126	3330.4647990873727
toanvd
254038.19411438797	3532.050216733453
254038.19411438797	3532.050216733453
254038.19411438797	3532.050216733453
250581.13583473736	3585.5010504000065
250581.13583473736	3585.5010504000065
250581.13583473736	3585.5010504000065
250581.13583473736	3585.5010504000065
250962.64582120974	3579.5114543968534
250962.64582120974	3579.5114543968534
250962.64582120974	3579.5114543968534
250962.64582120974	3579.5114543968534
toanvd
239007.16051183338	3588.974739233104
232771.59519397898	3745.7417921090487
232771.59519397898	3745.7417921090487
toanvd
241205.12906587505	3639.4140712296085
241205.12906587505	3639.4140712296085
241205.12906587505	3639.4140712296085
241205.12906587505	3639.4140712296085
241205.12906587505	3639.4140712296085
241205.12906587505	3639.4140712296085
241205.12906587505	3639.4140712296085
239279.94405111475	3707.9670117905616
239279.94405111475	3707.9670117905616
239279.94405111475	3707.9670117905616
toanvd
243402.77643962338	3478.9252997729745
243990.69134958665	3353.0864821885066
243402.77643962338	3478.9252997729745
240405.66012084536	3676.7450990241045
toanvd
249702.51396484187	3939.9125805591834
239863.1784483283	4289.8964589038715
239863.1784483283	4289.8964589038715
239863.1784483283	4289.8964589038715
241054.96302661582	3948.536212427799
241054.96302661582	3948.536212427799
241054.96302661582	3948.536212427799
241054.96302661582	3948.536212427799
241054.96302661582	3948.536212427799
241054.96302661582	3948.536212427799
241054.96302661582	3948.536212427799
241054.96302661582	3948.536212427799
239994.59915333238	4257.213870602401
239994.59915333238	4257.213870602401
239994.59915333238	4257.213870602401
239994.59915333238	4257.213870602401
toanvd
241911.31866303016	3706.3485350152496
toanvd
233990.42514538442	3519.7195505724935
232522.3331630019	3731.113763476748
232522.3331630019	3731.113763476748
232522.3331630019	3731.113763476748
232522.3331630019	3731.113763476748
232522.3331630019	3731.113763476748
232522.3331630019	3731.113763476748
232522.3331630019	3731.113763476748
232522.3331630019	3731.113763476748
232490.87746167718	3741.2670497930967
232522.3331630019	3731.113763476748
232522.3331630019	3731.113763476748
232774.1612446168	3530.2014148595304
toanvd
244470.5649088304	3565.8868174964555
244470.5649088304	3565.8868174964555
238337.4968973395	3579.5114543968534
238337.4968973395	3579.5114543968534
toanvd
242443.98946354105	3679.277956166287
246799.34710173684	3499.98854993163
242443.98946354105	3679.277956166287
242443.98946354105	3679.277956166287
toanvd
236999.74433889627	4051.4814279892767
236999.74433889627	4051.4814279892767
238542.69675371464	3731.412921411181
236999.74433889627	4051.4814279892767
236999.74433889627	4051.4814279892767
236999.74433889627	4051.4814279892767
236999.74433889627	4051.4814279892767
238120.60723508682	3763.493758658552
236999.74433889627	4051.4814279892767
236999.74433889627	4051.4814279892767
236999.74433889627	4051.4814279892767
232735.8659812433	4117.335958724463
toanvd
240429.64178906992	3838.7593822751246
237977.60400965266	3856.846354186709
toanvd
238327.43289433589	3627.111864605719
238327.43289433589	3627.111864605719
toanvd
248534.17577195266	3726.58940954621
248534.17577195266	3726.58940954621
248534.17577195266	3726.58940954621
246079.3397049245	3732.327925278861
246079.3397049245	3732.327925278861
246079.3397049245	3732.327925278861
toanvd
241005.3653216135	3598.738269600654
239764.94820490133	3641.3619078542733
236868.1726471311	3695.407298140818
241771.77085835402	3576.0161280858124
toanvd
241693.05446626016	3647.4484746731105
241693.05446626016	3647.4484746731105
243241.00758578395	3488.142126828482
243241.00758578395	3488.142126828482
243241.00758578395	3488.142126828482
243241.00758578395	3488.142126828482
243241.00758578395	3488.142126828482
243241.00758578395	3488.142126828482
243241.00758578395	3488.142126828482
243241.00758578395	3488.142126828482
243241.00758578395	3488.142126828482
243241.00758578395	3488.142126828482
243241.00758578395	3488.142126828482
243241.00758578395	3488.142126828482
243241.00758578395	3488.142126828482
243241.00758578395	3488.142126828482
243241.00758578395	3488.142126828482
243241.00758578395	3488.142126828482
243241.00758578395	3488.142126828482
241693.05446626016	3647.4484746731105
241693.05446626016	3647.4484746731105
toanvd
242170.99791826875	3394.1649481797817
toanvd
243719.78966209476	3576.5509899701065
243719.78966209476	3576.5509899701065
243036.76206366514	3588.9426736877367
toanvd
245897.47773138882	3893.9113369189345
245897.47773138882	3893.9113369189345
245897.47773138882	3893.9113369189345
241764.11685231267	3945.6427150095797
toanvd
246342.95398326888	4279.523695134676
250033.53541470764	3929.9264577290837
250033.53541470764	3929.9264577290837
247273.35950301978	4258.734874141622
250033.53541470764	3929.9264577290837
250033.53541470764	3929.9264577290837
toanvd
236521.41902561233	3650.0002103889396
234589.47212413786	3861.075881101507
235521.3695798403	3687.2188397678815
236521.41902561233	3650.0002103889396
235168.33537421044	3738.973644682764
235168.33537421044	3738.973644682764
toanvd
234611.09952840154	3576.0161280858124
toanvd
246410.5935298004	4319.242266695779
246410.5935298004	4319.242266695779
246410.5935298004	4319.242266695779
246410.5935298004	4319.242266695779
246410.5935298004	4319.242266695779
246410.5935298004	4319.242266695779
246410.5935298004	4319.242266695779
246410.5935298004	4319.242266695779
246564.4846227221	4188.334390953201
246564.4846227221	4188.334390953201
246564.4846227221	4188.334390953201
247879.90892180672	3968.906855928171
247879.90892180672	3968.906855928171
toanvd
237338.41067547072	3731.412921411181
237338.41067547072	3731.412921411181
toanvd
236167.7410524077	3517.7737636003644
236024.09995119477	3867.21101687469
236024.09995119477	3867.21101687469
236024.09995119477	3867.21101687469
236024.09995119477	3867.21101687469
236167.7410524077	3517.7737636003644
236024.09995119477	3867.21101687469
236024.09995119477	3867.21101687469
toanvd
239075.05406930015	3459.833987861219
239075.05406930015	3459.833987861219
239075.05406930015	3459.833987861219
239075.05406930015	3459.833987861219
239075.05406930015	3459.833987861219
239075.05406930015	3459.833987861219
239075.05406930015	3459.833987861219
239075.05406930015	3459.833987861219
239075.05406930015	3459.833987861219
239075.05406930015	3459.833987861219
239075.05406930015	3459.833987861219
240306.77629289642	3368.518793453047
239075.05406930015	3459.833987861219
239075.05406930015	3459.833987861219
239075.05406930015	3459.833987861219
239075.05406930015	3459.833987861219
239075.05406930015	3459.833987861219
239075.05406930015	3459.833987861219
239075.05406930015	3459.833987861219
239075.05406930015	3459.833987861219
239075.05406930015	3459.833987861219
239075.05406930015	3459.833987861219
239075.05406930015	3459.833987861219
238030.06300810757	3562.1460052174675
239075.05406930015	3459.833987861219
239075.05406930015	3459.833987861219
239075.05406930015	3459.833987861219
239075.05406930015	3459.833987861219
239075.05406930015	3459.833987861219
239075.05406930015	3459.833987861219
239075.05406930015	3459.833987861219
239075.05406930015	3459.833987861219
239075.05406930015	3459.833987861219
239075.05406930015	3459.833987861219
239075.05406930015	3459.833987861219
239075.05406930015	3459.833987861219
239075.05406930015	3459.833987861219
239075.05406930015	3459.833987861219
239075.05406930015	3459.833987861219
240306.77629289642	3368.518793453047
239075.05406930015	3459.833987861219
239075.05406930015	3459.833987861219
239075.05406930015	3459.833987861219
239075.05406930015	3459.833987861219
238783.9083737141	3473.155304597036
239075.05406930015	3459.833987861219
239075.05406930015	3459.833987861219
239075.05406930015	3459.833987861219
240306.77629289642	3368.518793453047
239075.05406930015	3459.833987861219
239075.05406930015	3459.833987861219
239075.05406930015	3459.833987861219
239075.05406930015	3459.833987861219
239075.05406930015	3459.833987861219
239075.05406930015	3459.833987861219
239075.05406930015	3459.833987861219
239075.05406930015	3459.833987861219
239075.05406930015	3459.833987861219
239075.05406930015	3459.833987861219
239075.05406930015	3459.833987861219
toanvd
261578.1659335935	4030.402772552024
254949.79214301403	4064.339009032471
250884.66823221484	4227.755658576875
261578.1659335935	4030.402772552024
250884.66823221484	4227.755658576875
250884.66823221484	4227.755658576875
250884.66823221484	4227.755658576875
254949.79214301403	4064.339009032471
250884.66823221484	4227.755658576875
250884.66823221484	4227.755658576875
250884.66823221484	4227.755658576875
250884.66823221484	4227.755658576875
250884.66823221484	4227.755658576875
261578.1659335935	4030.402772552024
250884.66823221484	4227.755658576875
250884.66823221484	4227.755658576875
250884.66823221484	4227.755658576875
250884.66823221484	4227.755658576875
250884.66823221484	4227.755658576875
250884.66823221484	4227.755658576875
250884.66823221484	4227.755658576875
250884.66823221484	4227.755658576875
250884.66823221484	4227.755658576875
250884.66823221484	4227.755658576875
250884.66823221484	4227.755658576875
261578.1659335935	4030.402772552024
251027.8947127938	4163.136659990303
250884.66823221484	4227.755658576875
275363.31566901907	3998.468573866563
250884.66823221484	4227.755658576875
toanvd
280364.6903314648	3804.316364506825
255695.6925474639	3814.764112893301
280364.6903314648	3804.316364506825
280364.6903314648	3804.316364506825
249878.82127276767	3836.3122009203257
280364.6903314648	3804.316364506825
247502.67922470937	4263.602222956904
247502.67922470937	4263.602222956904
247502.67922470937	4263.602222956904
247502.67922470937	4263.602222956904
toanvd
232053.3309863772	3374.60799148825
236010.93213025163	3333.6309448814914
229633.3447247762	3426.775010827929
232053.3309863772	3374.60799148825
toanvd
238231.75847763752	3443.650196366085
238231.75847763752	3443.650196366085
238231.75847763752	3443.650196366085
toanvd
241218.53863934963	3793.0534293291566
241218.53863934963	3793.0534293291566
241218.53863934963	3793.0534293291566
241218.53863934963	3793.0534293291566
241218.53863934963	3793.0534293291566
241218.53863934963	3793.0534293291566
241218.53863934963	3793.0534293291566
241218.53863934963	3793.0534293291566
241218.53863934963	3793.0534293291566
241756.8937276946	3630.217295661226
toanvd
241719.30285172284	3697.9525406449634
241719.30285172284	3697.9525406449634
241719.30285172284	3697.9525406449634
241719.30285172284	3697.9525406449634
241719.30285172284	3697.9525406449634
toanvd
242374.75912150095	4013.6161505215414
242374.75912150095	4013.6161505215414
242374.75912150095	4013.6161505215414
242374.75912150095	4013.6161505215414
242374.75912150095	4013.6161505215414
242721.85933355882	3845.823789271184
242721.85933355882	3845.823789271184
toanvd
234992.47946281818	3609.961735233362
toanvd
243107.6348579699	3475.8933661435935
243107.6348579699	3475.8933661435935
243107.6348579699	3475.8933661435935
toanvd
235599.26831807333	3735.354790089274
235599.26831807333	3735.354790089274
234163.8380280255	3880.3304282229647
234163.8380280255	3880.3304282229647
234163.8380280255	3880.3304282229647
toanvd
238936.81441588874	3809.7706408340955
238936.81441588874	3809.7706408340955
239104.87725685604	3736.7770644029874
toanvd
229265.34688274548	4130.082457413238
229265.34688274548	4130.082457413238
231121.86718036397	3951.0114108951234
toanvd
234680.89237425107	3552.362362875349
234680.89237425107	3552.362362875349
234479.37493814953	3844.2765831060547
toanvd
242025.38721804318	3552.560065373893
235558.92897775726	3638.4607251427474
235558.92897775726	3638.4607251427474
242025.38721804318	3552.560065373893
235558.92897775726	3638.4607251427474
242025.38721804318	3552.560065373893
235558.92897775726	3638.4607251427474
235558.92897775726	3638.4607251427474
242025.38721804318	3552.560065373893
242025.38721804318	3552.560065373893
235836.56283455357	3556.0372520018614
242025.38721804318	3552.560065373893
235558.92897775726	3638.4607251427474
235558.92897775726	3638.4607251427474
242025.38721804318	3552.560065373893
242025.38721804318	3552.560065373893
242025.38721804318	3552.560065373893
toanvd
249062.0935271953	3923.7046519453993
249062.0935271953	3923.7046519453993
249062.0935271953	3923.7046519453993
249062.0935271953	3923.7046519453993
249062.0935271953	3923.7046519453993
249062.0935271953	3923.7046519453993
248965.55132547286	3967.4878891673175
249062.0935271953	3923.7046519453993
249062.0935271953	3923.7046519453993
249062.0935271953	3923.7046519453993
249062.0935271953	3923.7046519453993
249062.0935271953	3923.7046519453993
249062.0935271953	3923.7046519453993
249062.0935271953	3923.7046519453993
248965.55132547286	3967.4878891673175
249062.0935271953	3923.7046519453993
249062.0935271953	3923.7046519453993
249062.0935271953	3923.7046519453993
250220.2469868076	3913.414056552898
248965.55132547286	3967.4878891673175
249062.0935271953	3923.7046519453993
249062.0935271953	3923.7046519453993
249062.0935271953	3923.7046519453993
249062.0935271953	3923.7046519453993
247715.08734268727	4027.9142102597107
toanvd
234832.88634124902	3680.671827390142
234574.52074613495	3968.906855928171
234832.88634124902	3680.671827390142
234832.88634124902	3680.671827390142
234574.52074613495	3968.906855928171
234832.88634124902	3680.671827390142
234574.52074613495	3968.906855928171
234939.5840816087	3594.303394926489
234939.5840816087	3594.303394926489
233860.85592032174	4576.793426527223
233860.85592032174	4576.793426527223
233860.85592032174	4576.793426527223
233860.85592032174	4576.793426527223
toanvd
240038.7933852286	3793.0351037443593
245105.28347496083	3627.1862684932044
243647.42012338844	3669.0720835575275
245105.28347496083	3627.1862684932044
243647.42012338844	3669.0720835575275
245105.28347496083	3627.1862684932044
241137.1779899981	3704.8724934339116
toanvd
246735.70822740154	3855.48829792413
248633.25700628047	3666.7734118546014
toanvd
251205.027258589	4423.171100326015
257654.82098649515	3957.8282693205288
257654.82098649515	3957.8282693205288
251205.027258589	4423.171100326015
251205.027258589	4423.171100326015
257260.13870276487	3997.3635923683228
toanvd
240656.68132846247	3756.9769092395704
240656.68132846247	3756.9769092395704
240656.68132846247	3756.9769092395704
240656.68132846247	3756.9769092395704
240656.68132846247	3756.9769092395704
240656.68132846247	3756.9769092395704
240656.68132846247	3756.9769092395704
240656.68132846247	3756.9769092395704
240656.68132846247	3756.9769092395704
240656.68132846247	3756.9769092395704
240656.68132846247	3756.9769092395704
240656.68132846247	3756.9769092395704
240656.68132846247	3756.9769092395704
240656.68132846247	3756.9769092395704
240656.68132846247	3756.9769092395704
240656.68132846247	3756.9769092395704
240656.68132846247	3756.9769092395704
240656.68132846247	3756.9769092395704
240656.68132846247	3756.9769092395704
240656.68132846247	3756.9769092395704
240656.68132846247	3756.9769092395704
240656.68132846247	3756.9769092395704
240656.68132846247	3756.9769092395704
240656.68132846247	3756.9769092395704
240656.68132846247	3756.9769092395704
240656.68132846247	3756.9769092395704
240656.68132846247	3756.9769092395704
240656.68132846247	3756.9769092395704
240656.68132846247	3756.9769092395704
240656.68132846247	3756.9769092395704
240656.68132846247	3756.9769092395704
240656.68132846247	3756.9769092395704
240656.68132846247	3756.9769092395704
240656.68132846247	3756.9769092395704
240656.68132846247	3756.9769092395704
240656.68132846247	3756.9769092395704
240656.68132846247	3756.9769092395704
240656.68132846247	3756.9769092395704
240656.68132846247	3756.9769092395704
240656.68132846247	3756.9769092395704
240656.68132846247	3756.9769092395704
240656.68132846247	3756.9769092395704
240656.68132846247	3756.9769092395704
240656.68132846247	3756.9769092395704
240656.68132846247	3756.9769092395704
240656.68132846247	3756.9769092395704
240656.68132846247	3756.9769092395704
240656.68132846247	3756.9769092395704
240656.68132846247	3756.9769092395704
240656.68132846247	3756.9769092395704
240656.68132846247	3756.9769092395704
240656.68132846247	3756.9769092395704
240656.68132846247	3756.9769092395704
240656.68132846247	3756.9769092395704
240656.68132846247	3756.9769092395704
240656.68132846247	3756.9769092395704
240656.68132846247	3756.9769092395704
240656.68132846247	3756.9769092395704
240656.68132846247	3756.9769092395704
240656.68132846247	3756.9769092395704
240656.68132846247	3756.9769092395704
240656.68132846247	3756.9769092395704
240656.68132846247	3756.9769092395704
240656.68132846247	3756.9769092395704
240656.68132846247	3756.9769092395704
240656.68132846247	3756.9769092395704
240656.68132846247	3756.9769092395704
240656.68132846247	3756.9769092395704
toanvd
241600.37612727744	3552.387051409857
241600.37612727744	3552.387051409857
241600.37612727744	3552.387051409857
237261.53967881377	3554.1418808660314
237261.53967881377	3554.1418808660314
toanvd
240358.57255569447	3970.7441685016934
240358.57255569447	3970.7441685016934
242097.19919140855	3907.7802549589205
toanvd
252955.46023963983	3997.0455356485286
259043.0301415004	3669.0720835575275
252955.46023963983	3997.0455356485286
253340.00989819094	3853.267944853915
239578.35338674858	4273.229262291679
toanvd
237897.81119719052	3988.630213475582
238092.06352285625	3676.5768473438097
toanvd
251612.7419923747	3732.327925278861
251612.7419923747	3732.327925278861
251612.7419923747	3732.327925278861
251612.7419923747	3732.327925278861
250540.4762104128	3769.9254262963614
251612.7419923747	3732.327925278861
239089.16627662766	3895.0656393854006
239089.16627662766	3895.0656393854006
239089.16627662766	3895.0656393854006
toanvd
241868.92696457735	3920.916563926115
240671.90174492195	3970.7441685016934
244843.45088038393	3587.032357746649
toanvd
237923.39410734177	3624.8755245376233
237923.39410734177	3624.8755245376233
237923.39410734177	3624.8755245376233
toanvd
237760.3744086011	3676.5662564194454
237760.3744086011	3676.5662564194454
237760.3744086011	3676.5662564194454
237760.3744086011	3676.5662564194454
237760.3744086011	3676.5662564194454
237760.3744086011	3676.5662564194454
238326.87801247402	3461.15232570881
237760.3744086011	3676.5662564194454
238169.0717733195	3517.433631483177
237760.3744086011	3676.5662564194454
237760.3744086011	3676.5662564194454
238169.0717733195	3517.433631483177
237760.3744086011	3676.5662564194454
toanvd
242744.5701176457	3937.7377406864402
244354.58227805133	3510.597476547993
244355.2593191034	3488.142126828482
245906.0535528678	3392.3377953763547
245906.0535528678	3392.3377953763547
toanvd
238707.7265759727	3690.6187216444164
238707.7265759727	3690.6187216444164
245499.32521031832	3562.2547651561817
238707.7265759727	3690.6187216444164
238885.96758411912	3662.71223433188
238707.7265759727	3690.6187216444164
toanvd
240750.02873219148	3948.5150098047843
240750.02873219148	3948.5150098047843
240750.02873219148	3948.5150098047843
240750.02873219148	3948.5150098047843
240750.02873219148	3948.5150098047843
241034.48298032966	3796.206735109132
240750.02873219148	3948.5150098047843
241034.48298032966	3796.206735109132
241034.48298032966	3796.206735109132
241034.48298032966	3796.206735109132
241034.48298032966	3796.206735109132
241034.48298032966	3796.206735109132
241034.48298032966	3796.206735109132
241034.48298032966	3796.206735109132
241034.48298032966	3796.206735109132
241034.48298032966	3796.206735109132
241034.48298032966	3796.206735109132
241034.48298032966	3796.206735109132
241034.48298032966	3796.206735109132
241034.48298032966	3796.206735109132
241034.48298032966	3796.206735109132
241034.48298032966	3796.206735109132
241034.48298032966	3796.206735109132
241034.48298032966	3796.206735109132
241034.48298032966	3796.206735109132
241034.48298032966	3796.206735109132
241034.48298032966	3796.206735109132
241034.48298032966	3796.206735109132
241034.48298032966	3796.206735109132
241034.48298032966	3796.206735109132
241034.48298032966	3796.206735109132
241034.48298032966	3796.206735109132
241034.48298032966	3796.206735109132
241034.48298032966	3796.206735109132
241034.48298032966	3796.206735109132
241034.48298032966	3796.206735109132
241034.48298032966	3796.206735109132
241034.48298032966	3796.206735109132
241034.48298032966	3796.206735109132
241034.48298032966	3796.206735109132
241034.48298032966	3796.206735109132
241034.48298032966	3796.206735109132
241034.48298032966	3796.206735109132
241034.48298032966	3796.206735109132
241034.48298032966	3796.206735109132
241034.48298032966	3796.206735109132
241034.48298032966	3796.206735109132
241034.48298032966	3796.206735109132
241034.48298032966	3796.206735109132
241034.48298032966	3796.206735109132
241034.48298032966	3796.206735109132
241034.48298032966	3796.206735109132
241034.48298032966	3796.206735109132
241034.48298032966	3796.206735109132
241034.48298032966	3796.206735109132
241034.48298032966	3796.206735109132
241034.48298032966	3796.206735109132
241034.48298032966	3796.206735109132
241034.48298032966	3796.206735109132
241034.48298032966	3796.206735109132
241034.48298032966	3796.206735109132
241034.48298032966	3796.206735109132
241034.48298032966	3796.206735109132
241034.48298032966	3796.206735109132
241034.48298032966	3796.206735109132
241034.48298032966	3796.206735109132
241034.48298032966	3796.206735109132
241034.48298032966	3796.206735109132
241034.48298032966	3796.206735109132
241034.48298032966	3796.206735109132
241034.48298032966	3796.206735109132
241034.48298032966	3796.206735109132
241034.48298032966	3796.206735109132
241034.48298032966	3796.206735109132
241034.48298032966	3796.206735109132
241034.48298032966	3796.206735109132
241034.48298032966	3796.206735109132
241034.48298032966	3796.206735109132
241034.48298032966	3796.206735109132
241034.48298032966	3796.206735109132
241034.48298032966	3796.206735109132
241034.48298032966	3796.206735109132
241034.48298032966	3796.206735109132
241034.48298032966	3796.206735109132
241034.48298032966	3796.206735109132
241034.48298032966	3796.206735109132
241034.48298032966	3796.206735109132
241034.48298032966	3796.206735109132
241034.48298032966	3796.206735109132
241034.48298032966	3796.206735109132
241034.48298032966	3796.206735109132
241034.48298032966	3796.206735109132
241034.48298032966	3796.206735109132
241034.48298032966	3796.206735109132
242152.598923489	3784.3131543553673
238422.88296559177	4095.4800642138403
toanvd
253585.6150460668	3941.5073365874177
253310.9385452383	4139.860584380382
toanvd
246739.34412702243	3635.9605777916936
246739.34412702243	3635.9605777916936
246739.34412702243	3635.9605777916936
toanvd
241606.41813975657	3836.3122009203257
241606.41813975657	3836.3122009203257
240902.9154934483	4117.745353953473
242301.57823919	3656.290296379781
241255.52462463515	4021.373258023636
toanvd
243241.9840505553	3938.2812812548973
245250.52330155048	3689.7310747281695
243241.9840505553	3938.2812812548973
245250.52330155048	3689.7310747281695
243241.9840505553	3938.2812812548973
245250.52330155048	3689.7310747281695
243241.9840505553	3938.2812812548973
243241.9840505553	3938.2812812548973
243241.9840505553	3938.2812812548973
245250.52330155048	3689.7310747281695
245250.52330155048	3689.7310747281695
245250.52330155048	3689.7310747281695
243241.9840505553	3938.2812812548973
245250.52330155048	3689.7310747281695
245250.52330155048	3689.7310747281695
243241.9840505553	3938.2812812548973
245250.52330155048	3689.7310747281695
243241.9840505553	3938.2812812548973
245250.52330155048	3689.7310747281695
243365.2299627335	3829.2523466207085
toanvd
237196.45198323714	3822.940296175118
237196.45198323714	3822.940296175118
237196.45198323714	3822.940296175118
239531.12297189032	3815.185700063732
239531.12297189032	3815.185700063732
239531.12297189032	3815.185700063732
toanvd
248458.3669530281	3685.1967797400894
248458.3669530281	3685.1967797400894
248458.3669530281	3685.1967797400894
248458.3669530281	3685.1967797400894
245170.62501209334	4292.817496387567
245720.80247953464	3867.21101687469
245720.80247953464	3867.21101687469
247037.2798119428	3833.831238471364
247037.2798119428	3833.831238471364
toanvd
241831.05187550213	3428.793567848482
241831.05187550213	3428.793567848482
241831.05187550213	3428.793567848482
241831.05187550213	3428.793567848482
241831.05187550213	3428.793567848482
241831.05187550213	3428.793567848482
241831.05187550213	3428.793567848482
241831.05187550213	3428.793567848482
241831.05187550213	3428.793567848482
241831.05187550213	3428.793567848482
241831.05187550213	3428.793567848482
241831.05187550213	3428.793567848482
241831.05187550213	3428.793567848482
241831.05187550213	3428.793567848482
241831.05187550213	3428.793567848482
241831.05187550213	3428.793567848482
241831.05187550213	3428.793567848482
241831.05187550213	3428.793567848482
241831.05187550213	3428.793567848482
241831.05187550213	3428.793567848482
241831.05187550213	3428.793567848482
241831.05187550213	3428.793567848482
toanvd
241573.73128921745	3416.500997309574
241573.73128921745	3416.500997309574
toanvd
255947.86626403593	4046.106766913285
255947.86626403593	4046.106766913285
260009.02587560186	3951.842759538653
245053.83533559216	4382.505934967666
245053.83533559216	4382.505934967666
245053.83533559216	4382.505934967666
245053.83533559216	4382.505934967666
toanvd
248205.48462687802	3867.21101687469
242445.99061199982	3961.877604056748
248205.48462687802	3867.21101687469
248205.48462687802	3867.21101687469
248205.48462687802	3867.21101687469
248205.48462687802	3867.21101687469
248205.48462687802	3867.21101687469
248205.48462687802	3867.21101687469
248205.48462687802	3867.21101687469
248205.48462687802	3867.21101687469
240164.16577363605	4214.071065258616
248205.48462687802	3867.21101687469
248205.48462687802	3867.21101687469
248205.48462687802	3867.21101687469
252105.6720110777	3701.064510542133
toanvd
249390.0097630048	3937.766980741806
248971.82298886898	4217.735437894258
248971.82298886898	4217.735437894258
248971.82298886898	4217.735437894258
248971.82298886898	4217.735437894258
248971.82298886898	4217.735437894258
248971.82298886898	4217.735437894258
248971.82298886898	4217.735437894258
250788.6454763501	3932.8051678343677
249390.0097630048	3937.766980741806
249390.0097630048	3937.766980741806
248971.82298886898	4217.735437894258
248971.82298886898	4217.735437894258
248971.82298886898	4217.735437894258
248971.82298886898	4217.735437894258
248971.82298886898	4217.735437894258
248971.82298886898	4217.735437894258
248971.82298886898	4217.735437894258
248971.82298886898	4217.735437894258
248971.82298886898	4217.735437894258
toanvd
243861.05123209258	3565.395999134603
243396.58671901404	3756.9769092395704
toanvd
230184.8327599779	3357.5914365261146
230184.8327599779	3357.5914365261146
230184.8327599779	3357.5914365261146
230184.8327599779	3357.5914365261146
230184.8327599779	3357.5914365261146
230184.8327599779	3357.5914365261146
230184.8327599779	3357.5914365261146
228497.5946035378	3484.254791723043
228497.5946035378	3484.254791723043
228497.5946035378	3484.254791723043
228497.5946035378	3484.254791723043
228497.5946035378	3484.254791723043
228497.5946035378	3484.254791723043
228497.5946035378	3484.254791723043
230184.8327599779	3357.5914365261146
toanvd
224565.07578440916	4247.4940908181325
224565.07578440916	4247.4940908181325
225079.59554941073	3861.2798751870637
224565.07578440916	4247.4940908181325
224565.07578440916	4247.4940908181325
toanvd
235725.8708105611	3417.1446745129
toanvd
256266.50547334357	3738.043555679109
256266.50547334357	3738.043555679109
243106.54916151337	3738.4292108063723
243106.54916151337	3738.4292108063723
243106.54916151337	3738.4292108063723
243106.54916151337	3738.4292108063723
243106.54916151337	3738.4292108063723
243106.54916151337	3738.4292108063723
243106.54916151337	3738.4292108063723
243106.54916151337	3738.4292108063723
243106.54916151337	3738.4292108063723
243106.54916151337	3738.4292108063723
toanvd
236569.17257001676	3715.062111942217
236569.17257001676	3715.062111942217
236569.17257001676	3715.062111942217
236569.17257001676	3715.062111942217
toanvd
239595.61895423348	3854.6469162245885
239595.61895423348	3854.6469162245885
toanvd
250551.07342283995	3510.597476547993
250551.07342283995	3510.597476547993
250551.07342283995	3510.597476547993
247762.5513880748	3574.271791789687
toanvd
239973.7128895585	3778.850220366922
239973.7128895585	3778.850220366922
239973.7128895585	3778.850220366922
239973.7128895585	3778.850220366922
239973.7128895585	3778.850220366922
240150.9008761207	3748.723346591853
240150.9008761207	3748.723346591853
240150.9008761207	3748.723346591853
240150.9008761207	3748.723346591853
240150.9008761207	3748.723346591853
240150.9008761207	3748.723346591853
239973.7128895585	3778.850220366922
239973.7128895585	3778.850220366922
240150.9008761207	3748.723346591853
240150.9008761207	3748.723346591853
249906.38978273203	3704.8724934339116
249906.38978273203	3704.8724934339116
249906.38978273203	3704.8724934339116
249906.38978273203	3704.8724934339116
toanvd
243122.9159819772	3970.9381403475622
243122.9159819772	3970.9381403475622
245015.08948794528	3667.7811013364603
244264.54890744112	3679.277956166287
toanvd
241129.88973403757	3968.906855928171
240034.6851316839	4219.961884205587
239830.94685677424	4562.479382441219
241129.88973403757	3968.906855928171
241129.88973403757	3968.906855928171
241221.93769766128	3955.0902932989743
241221.93769766128	3955.0902932989743
241221.93769766128	3955.0902932989743
241221.93769766128	3955.0902932989743
241221.93769766128	3955.0902932989743
241221.93769766128	3955.0902932989743
241221.93769766128	3955.0902932989743
241221.93769766128	3955.0902932989743
241221.93769766128	3955.0902932989743
241221.93769766128	3955.0902932989743
241221.93769766128	3955.0902932989743
241221.93769766128	3955.0902932989743
241221.93769766128	3955.0902932989743
241221.93769766128	3955.0902932989743
241221.93769766128	3955.0902932989743
241221.93769766128	3955.0902932989743
241221.93769766128	3955.0902932989743
241221.93769766128	3955.0902932989743
241221.93769766128	3955.0902932989743
241221.93769766128	3955.0902932989743
241221.93769766128	3955.0902932989743
241221.93769766128	3955.0902932989743
241221.93769766128	3955.0902932989743
toanvd
239673.22078493994	3723.994001808899
239673.22078493994	3723.994001808899
239673.22078493994	3723.994001808899
241162.16298829575	3598.9911128561807
239673.22078493994	3723.994001808899
239673.22078493994	3723.994001808899
239673.22078493994	3723.994001808899
241162.16298829575	3598.9911128561807
239673.22078493994	3723.994001808899
239673.22078493994	3723.994001808899
239673.22078493994	3723.994001808899
toanvd
253882.74869520342	3913.414056552898
253882.74869520342	3913.414056552898
239897.99106930927	4255.694612178501
239897.99106930927	4255.694612178501
239897.99106930927	4255.694612178501
239897.99106930927	4255.694612178501
239897.99106930927	4255.694612178501
239897.99106930927	4255.694612178501
239897.99106930927	4255.694612178501
239897.99106930927	4255.694612178501
239897.99106930927	4255.694612178501
239897.99106930927	4255.694612178501
239897.99106930927	4255.694612178501
239897.99106930927	4255.694612178501
239897.99106930927	4255.694612178501
239897.99106930927	4255.694612178501
253163.10990690056	3982.0265195972893
toanvd
237949.6128623347	3508.4512081932457
237949.6128623347	3508.4512081932457
237949.6128623347	3508.4512081932457
235700.21098514146	3534.384506284906
toanvd
251384.67556740655	4131.958883599808
260072.85692231788	3956.28719624017
251384.67556740655	4131.958883599808
250102.68227316428	4299.501142378977
251384.67556740655	4131.958883599808
toanvd
242240.16331702858	4371.489223532718
257080.69956842993	3664.940186086828
257080.69956842993	3664.940186086828
242240.16331702858	4371.489223532718
257080.69956842993	3664.940186086828
251020.2801736748	3699.0978587630048
251020.2801736748	3699.0978587630048
toanvd
236372.92684950947	3630.217295661226
toanvd
243606.4319282712	3378.161091901874
238799.55096956226	3417.9439082965637
233938.21000014694	3557.2497342910456
233938.21000014694	3557.2497342910456
243606.4319282712	3378.161091901874
233938.21000014694	3557.2497342910456
234575.8353759582	3432.301435257556
234575.8353759582	3432.301435257556
toanvd
