4074.7000438715486	1214.6206984611579
1663.174828523828	3732.2443171573823
287.08141001834895	3153.322688640308
683.1230684237786	881.8494794651899
5677.2845048281	2962.6603045500997
5377.6422146756495	1034.110132134674
3355.415328527659	3108.1208061989946
2120.505943636843	5927.399673946809
4400.563578719818	1032.3298767320985
3785.0081468019243	3540.610344119083
1461.9259058776054	3864.907126185253
212.12762946793617	4865.29093866238
3331.7695361610927	3642.1046936779994
1623.2388090130823	4331.87670461906
104.59257103198571	1917.8336586996686
1413.3019780686325	5936.208472651412
1881.7225465529393	4821.929525581138
994.3997764975119	3599.133446523288
2227.471951778204	1836.4884976728622
5285.997293478269	4570.439547816154
1041.3871750802177	5036.741554007712
4017.0487947035135	503.02049804063876
5570.723404907297	1321.895111721734
2685.001286100237	2016.6570042716833
855.8971509711289	2702.1063696202946
5846.309664011731	135.72894153222182
4505.355006531662	2975.2416026085248
2643.050650145223	4256.406542364857
978.8256460041184	4956.743122565783
1062.3525023995096	4811.9624866522245
227.80806972346235	5319.207851519726
494.1631704097547	2546.502776191256
4559.9150068737745	5030.177773948311
1196.9880691287065	4928.471549702858
2003.6975472775773	1301.1838965036516
800.0665103777844	3920.03617336479
4730.9830162391445	526.7999731450769
3896.1476444496393	4096.820581794768
788.4889596496132	3117.8253596830186
2061.147242543041	5348.003406363157
297.61725469303224	2668.6718102225104
5924.404164553656	1620.6830826319604
5897.3031466038765	347.44794728259865
2153.504000193322	1140.8933184780492
4941.967309557869	5954.370774057999
5529.844490820626	3435.334152402617
5223.910070582904	5991.737327309788
941.1596349108704	4510.125648857467
5348.184794083083	3624.1593068839293
1107.9949467428823	11.438342946453295
5721.496673505752	456.69679583333965
1098.4528850779898	1416.7833746459437
270.19989817624344	2877.2725914939483
2127.5080905402406	3780.208769742481
1457.2773972613772	5085.98047249025
5261.35103642536	3346.0798557150424
708.6346636977055	2190.913474695667
3915.246873698789	4153.404518069276
3792.299753475189	1205.1259811262541
5188.016743190199	4192.924314317056
2985.634592844861	1605.8517273548218
2949.8317984329424	3542.866605745665
550.8582081738435	5618.856485501197
4370.512185278906	3512.5363563483447
457.2587581383432	3721.1055781026635
1378.6946669546267	1369.1893505088408
3450.748273897619	3930.5215591678957
266.02053400750106	4791.496309943088
5111.33729289943	4659.761516460122
2029.3159722130385	3624.43317272695
176.5005821054637	94.31442522730826
4145.735505376213	2163.536185284918
4190.489227354383	4421.361712765343
2554.842156748639	2047.052011659106
3443.3620077283576	2301.4985270141515
2637.6221570570337	1045.3914649829724
313.52967427772785	797.9312923316733
3932.428690658422	3156.9674417039423
461.8671980104678	1310.9712548579914
1992.2153739978185	3604.3211110778657
1589.9861157893322	2444.8589869264188
4457.83145584398	4250.491311622955
2734.221280618313	423.4468789939114
4564.89241027496	1848.3099793083413
1093.85034899425	4656.583646495885
5173.601088835351	2670.421281186005
362.83464262592855	143.83760218798747
3919.452590838822	232.93430529138726
3331.3341139663685	1789.497329138115
4681.203911568099	5572.059647850112
2155.4027433959454	4336.635387669944
2303.7025151148982	187.7834429926295
4893.878896660868	1203.5360830969403
777.119926940849	282.2164408503021
738.1403485844176	561.9341309491504
5387.224072734883	5983.915381445811
939.0404225076243	473.891535676515
1271.6852756290966	138.20586315886518
1998.4563161262367	1197.021238792159
4051.7601568387418	4839.347748613619
2002.9410474868973	226.42663657384833
4652.273988106298	3030.366911970898
3322.5926670897493	5211.194296943892
4193.927847097351	2434.5856499960423
4948.33284331451	2214.0575531734776
489.3457698261372	3013.250710390014
3225.965416942494	1072.6214839153313
2618.6941013145374	4216.332056361963
2315.606337418368	2446.6380257944875
172.57420988582206	5670.442599079312
5215.623442737241	5889.073779706431
4211.194585349685	655.3837300300685
617.7039781113435	224.67268320352508
3323.023958579559	1625.6010261742317
1291.1360752824016	5034.7981376424905
1570.8126751477562	1262.3544761399633
4983.876471973966	1377.7645554724777
4524.057719678867	2905.8267187538763
1477.5613130975396	3474.5637423367725
3727.228796044919	5730.796250474853
822.131348707841	1350.707312856482
3959.9195404988227	5993.78075145393
382.9876797213965	837.4527307774682
3920.261905238643	3143.110889574249
2681.2424539244284	1684.6841175499824
2953.118846913513	123.0438333814663
3646.785875756242	4048.2771077860684
4268.792627629391	1045.9433208051419
2117.0782270661593	4330.479624245162
3345.0468532957952	450.0487391721353
4952.4792037556845	4401.902526974724
1830.9318727391162	3437.4201185682105
4546.5372689405995	1964.4317841119932
313.14668104449737	4110.582613373015
4556.843001451622	5585.77004790592
5332.54861453508	3636.4246863025833
3182.7533425106512	2174.2140838958353
1965.157721658383	3271.3882011390892
4099.135290334727	1938.7953712067263
1445.8971845561773	2500.719306568057
4521.407028673225	589.0154825202222
8.428794572544085	1192.254804963742
585.6707578619258	441.6545324869787
1651.9525439823465	496.131808145746
640.7836527456005	5755.953910719488
1803.757086867499	5627.587603959115
4754.434516954425	2455.037197918313
3827.9524351260934	5719.973234697039
1806.2352586338322	3967.2602796433644
5311.658093841242	5734.150117415664
955.8213899528776	1189.795182886197
1290.7448171482604	5261.443970807765
1003.7537282730619	3999.731937536021
4524.123794910079	5927.79994335619
5554.566232698687	4300.748355884534
4851.17924200215	5352.3762281610525
3830.511380071072	2935.1601660252018
515.6664295206555	1511.5592333123943
5925.171781968536	624.3877471755508
4631.485819755366	1367.6583623091135
2716.7502685182008	2571.7543246193013
2049.177945604928	2282.837993823613
396.6204168331564	444.83864608724866
348.4442269262096	1137.1240797587868
2778.891404147486	3437.5024577716645
125.91957124609587	1596.7520574292932
3481.2322550737854	1432.2683923152972
4275.386657871302	5954.926032655856
4265.349587161845	1582.010060979372
1709.9457629253407	206.65926699256752
4371.960619956582	5963.7183740157225
4629.096748445458	3639.0786864755923
3845.5819627200017	5668.501361669153
2507.385293325055	2255.6407420224723
1733.7113334768198	5975.331699504154
3310.5741320018255	2406.958573611334
2818.1851408410007	5991.419860444326
2570.9290387927203	303.3441991455787
5245.284007445209	3306.7232259809607
238.65842516372405	1062.797296204382
4981.326951219179	5713.746932117646
1437.9895759873425	4683.763426772606
5722.005483362386	5723.166522386191
2867.8107198922257	2529.3189281860386
2949.4263875885486	207.5319113863645
119.56227500347948	4059.463779357134
5144.900339688092	792.0508580822257
1332.0456396340944	1953.669982382389
2155.62569386257	4645.383208330242
1290.7828692967958	1660.5219241260802
1684.324588550293	1135.76510470415
2004.9320904982105	3154.2470827605134
2326.7169364332412	5454.949183197748
4728.375035790409	639.0036620433189
5232.928613622033	4150.776296878557
5701.484729359573	1878.6614028558995
4164.279488301082	5027.338590312003
1256.7680895161727	208.72883673150633
817.4929999800862	5572.158627582888
4840.967170452463	2125.7060284768686
