232283.88637362784	3836.8463541867095
232283.88637362784	3836.8463541867095
232479.69995896617	3639.4484482235243
toanvd
218551.3890819167	4683.427025523402
219429.5767275978	3847.3491608520885
219429.5767275978	3847.3491608520885
219429.5767275978	3847.3491608520885
219429.5767275978	3847.3491608520885
219429.5767275978	3847.3491608520885
219429.5767275978	3847.3491608520885
219429.5767275978	3847.3491608520885
219429.5767275978	3847.3491608520885
219429.5767275978	3847.3491608520885
219429.5767275978	3847.3491608520885
219429.5767275978	3847.3491608520885
219429.5767275978	3847.3491608520885
219429.5767275978	3847.3491608520885
219429.5767275978	3847.3491608520885
219429.5767275978	3847.3491608520885
219429.5767275978	3847.3491608520885
219429.5767275978	3847.3491608520885
219429.5767275978	3847.3491608520885
219429.5767275978	3847.3491608520885
219429.5767275978	3847.3491608520885
219429.5767275978	3847.3491608520885
219429.5767275978	3847.3491608520885
toanvd
234047.5494259185	3816.111772826142
toanvd
245734.1680054629	3735.6231253785168
251159.81184829416	3729.2494260688213
236903.9550680378	3876.8747799876232
236903.9550680378	3876.8747799876232
236903.9550680378	3876.8747799876232
236903.9550680378	3876.8747799876232
236693.70306632572	3998.4526452096225
236693.70306632572	3998.4526452096225
236693.70306632572	3998.4526452096225
236693.70306632572	3998.4526452096225
236693.70306632572	3998.4526452096225
236693.70306632572	3998.4526452096225
toanvd
214871.4704582666	3679.097753799907
toanvd
230765.1341228911	3643.736776536045
230765.1341228911	3643.736776536045
230765.1341228911	3643.736776536045
232408.8551184847	3426.1805982132205
232408.8551184847	3426.1805982132205
232408.8551184847	3426.1805982132205
232408.8551184847	3426.1805982132205
232408.8551184847	3426.1805982132205
232408.8551184847	3426.1805982132205
232408.8551184847	3426.1805982132205
232408.8551184847	3426.1805982132205
232408.8551184847	3426.1805982132205
232408.8551184847	3426.1805982132205
232408.8551184847	3426.1805982132205
232408.8551184847	3426.1805982132205
232408.8551184847	3426.1805982132205
232408.8551184847	3426.1805982132205
232408.8551184847	3426.1805982132205
232408.8551184847	3426.1805982132205
232408.8551184847	3426.1805982132205
232408.8551184847	3426.1805982132205
232408.8551184847	3426.1805982132205
232408.8551184847	3426.1805982132205
232408.8551184847	3426.1805982132205
232408.8551184847	3426.1805982132205
232408.8551184847	3426.1805982132205
232408.8551184847	3426.1805982132205
232408.8551184847	3426.1805982132205
232408.8551184847	3426.1805982132205
232408.8551184847	3426.1805982132205
232408.8551184847	3426.1805982132205
232408.8551184847	3426.1805982132205
232408.8551184847	3426.1805982132205
232408.8551184847	3426.1805982132205
232408.8551184847	3426.1805982132205
232408.8551184847	3426.1805982132205
232408.8551184847	3426.1805982132205
232408.8551184847	3426.1805982132205
232408.8551184847	3426.1805982132205
232408.8551184847	3426.1805982132205
232408.8551184847	3426.1805982132205
232408.8551184847	3426.1805982132205
227176.55216014019	3807.473331135139
toanvd
230976.75723830055	3386.713778204726
228834.59162521202	3434.7535210805763
228834.59162521202	3434.7535210805763
228834.59162521202	3434.7535210805763
228834.59162521202	3434.7535210805763
228834.59162521202	3434.7535210805763
228834.59162521202	3434.7535210805763
228834.59162521202	3434.7535210805763
228834.59162521202	3434.7535210805763
223926.84867464073	3456.4396704379774
toanvd
216594.58295958795	3930.633184650158
216594.58295958795	3930.633184650158
toanvd
229150.10329600517	3568.447823955636
229150.10329600517	3568.447823955636
229150.10329600517	3568.447823955636
229150.10329600517	3568.447823955636
229150.10329600517	3568.447823955636
229150.10329600517	3568.447823955636
229150.10329600517	3568.447823955636
229150.10329600517	3568.447823955636
229150.10329600517	3568.447823955636
229150.10329600517	3568.447823955636
toanvd
223617.92259890673	3512.050216733453
toanvd
219300.05096443335	3954.6594145492586
223281.43870945513	3872.8311844684376
223281.43870945513	3872.8311844684376
223777.36176850653	3713.2649837893277
219300.05096443335	3954.6594145492586
223281.43870945513	3872.8311844684376
219300.05096443335	3954.6594145492586
219300.05096443335	3954.6594145492586
223777.36176850653	3713.2649837893277
223777.36176850653	3713.2649837893277
219300.05096443335	3954.6594145492586
219300.05096443335	3954.6594145492586
toanvd
226493.99240209724	3853.3244592155384
226493.99240209724	3853.3244592155384
226493.99240209724	3853.3244592155384
226493.99240209724	3853.3244592155384
224090.778002451	3941.671635319305
toanvd
229734.78149367933	3344.7299600245706
227521.19364361084	3556.016128085813
toanvd
218834.2128240423	3667.2188397678815
218492.484819834	3942.218082853305
218492.484819834	3942.218082853305
218492.484819834	3942.218082853305
218492.484819834	3942.218082853305
toanvd
222114.37201878105	3392.025917062789
224055.65476180124	3391.6970762522133
222114.37201878105	3392.025917062789
222114.37201878105	3392.025917062789
224055.65476180124	3391.6970762522133
224055.65476180124	3391.6970762522133
224055.65476180124	3391.6970762522133
224055.65476180124	3391.6970762522133
224055.65476180124	3391.6970762522133
222114.37201878105	3392.025917062789
224055.65476180124	3391.6970762522133
222114.37201878105	3392.025917062789
224055.65476180124	3391.6970762522133
222114.37201878105	3392.025917062789
222114.37201878105	3392.025917062789
224055.65476180124	3391.6970762522133
222114.37201878105	3392.025917062789
224055.65476180124	3391.6970762522133
222114.37201878105	3392.025917062789
222114.37201878105	3392.025917062789
222114.37201878105	3392.025917062789
222114.37201878105	3392.025917062789
222114.37201878105	3392.025917062789
222114.37201878105	3392.025917062789
222114.37201878105	3392.025917062789
222114.37201878105	3392.025917062789
222114.37201878105	3392.025917062789
222114.37201878105	3392.025917062789
222114.37201878105	3392.025917062789
222114.37201878105	3392.025917062789
222114.37201878105	3392.025917062789
222114.37201878105	3392.025917062789
222114.37201878105	3392.025917062789
222114.37201878105	3392.025917062789
222114.37201878105	3392.025917062789
222114.37201878105	3392.025917062789
222114.37201878105	3392.025917062789
222114.37201878105	3392.025917062789
222114.37201878105	3392.025917062789
222114.37201878105	3392.025917062789
220251.21176076675	3565.668533781268
220251.21176076675	3565.668533781268
toanvd
217769.48620834274	4331.098561877393
218844.08004786438	3727.9293530636924
218900.039954846	3712.415998457142
218900.039954846	3712.415998457142
toanvd
220694.40095510517	3731.3401365889194
220694.40095510517	3731.3401365889194
toanvd
223283.54770817223	3574.3033949264886
toanvd
222711.36141429018	3667.2188397678815
222711.36141429018	3667.2188397678815
222147.1803683154	3673.6369167803364
toanvd
212458.93551997756	3731.9293603712895
212458.93551997756	3731.9293603712895
212458.93551997756	3731.9293603712895
212458.93551997756	3731.9293603712895
212458.93551997756	3731.9293603712895
212458.93551997756	3731.9293603712895
212458.93551997756	3731.9293603712895
212458.93551997756	3731.9293603712895
212458.93551997756	3731.9293603712895
212458.93551997756	3731.9293603712895
toanvd
230379.68394306372	3420.2032593189188
230379.68394306372	3420.2032593189188
toanvd
228196.15846227307	3565.668533781268
227722.2739121979	3637.845145643665
227722.2739121979	3637.845145643665
toanvd
211615.8724702005	3647.9139318850193
211615.8724702005	3647.9139318850193
210014.73373821483	3665.625938295758
210014.73373821483	3665.625938295758
210014.73373821483	3665.625938295758
210014.73373821483	3665.625938295758
toanvd
232007.84226454337	3612.5747534086327
232007.84226454337	3612.5747534086327
232007.84226454337	3612.5747534086327
229261.15345510672	3743.523967799594
toanvd
224519.01982711675	3962.9877238818194
224519.01982711675	3962.9877238818194
224519.01982711675	3962.9877238818194
224519.01982711675	3962.9877238818194
246654.09054192452	3921.284254455754
toanvd
226907.70688456733	4860.7510471621135
226907.70688456733	4860.7510471621135
226907.70688456733	4860.7510471621135
226907.70688456733	4860.7510471621135
226907.70688456733	4860.7510471621135
226907.70688456733	4860.7510471621135
226907.70688456733	4860.7510471621135
226907.70688456733	4860.7510471621135
226907.70688456733	4860.7510471621135
226907.70688456733	4860.7510471621135
226907.70688456733	4860.7510471621135
226967.15037783197	3825.8237892711836
toanvd
235651.67881483844	3614.2183201264024
235651.67881483844	3614.2183201264024
235651.67881483844	3614.2183201264024
toanvd
230962.96756255848	3809.252346620708
230962.96756255848	3809.252346620708
230962.96756255848	3809.252346620708
230962.96756255848	3809.252346620708
230962.96756255848	3809.252346620708
230081.0381677728	4163.65165372626
230962.96756255848	3809.252346620708
230962.96756255848	3809.252346620708
230962.96756255848	3809.252346620708
230962.96756255848	3809.252346620708
230962.96756255848	3809.252346620708
230962.96756255848	3809.252346620708
230962.96756255848	3809.252346620708
230962.96756255848	3809.252346620708
230962.96756255848	3809.252346620708
230962.96756255848	3809.252346620708
230962.96756255848	3809.252346620708
toanvd
208334.8792148359	3847.3491608520885
208334.8792148359	3847.3491608520885
toanvd
223579.7537342522	4062.4130454847123
221265.48978459564	4107.752908822197
221265.48978459564	4107.752908822197
toanvd
233870.07794373462	3459.766578990533
toanvd
236825.40876000092	4122.664518384754
241736.2203649551	3792.573209170444
241736.2203649551	3792.573209170444
241736.2203649551	3792.573209170444
234707.46044345695	4315.069719830254
234707.46044345695	4315.069719830254
234707.46044345695	4315.069719830254
234707.46044345695	4315.069719830254
234707.46044345695	4315.069719830254
234707.46044345695	4315.069719830254
234498.6952410978	4423.772604657739
toanvd
218233.84636143196	3575.8101436922334
217513.7163309864	3643.620116175209
217346.23634146666	3785.014201998357
217346.23634146666	3785.014201998357
217346.23634146666	3785.014201998357
toanvd
225258.48690556036	3443.5015380086415
225258.48690556036	3443.5015380086415
225258.48690556036	3443.5015380086415
225258.48690556036	3443.5015380086415
toanvd
230620.58356430652	3386.713778204726
230620.58356430652	3386.713778204726
230620.58356430652	3386.713778204726
230620.58356430652	3386.713778204726
toanvd
217648.65090882685	3942.063952933744
toanvd
228106.82624008207	3828.5246367983027
226462.81211645392	3832.145404082047
toanvd
231644.9751573987	4142.676089083907
231644.9751573987	4142.676089083907
231644.9751573987	4142.676089083907
231644.9751573987	4142.676089083907
229394.44318686207	4459.257420515861
233697.26581473567	3890.1942562089
229428.55024010222	4204.332266171148
toanvd
237630.1332249335	4372.480001744243
237630.1332249335	4372.480001744243
237630.1332249335	4372.480001744243
238117.43815483237	3819.3525043935047
237630.1332249335	4372.480001744243
238117.43815483237	3819.3525043935047
237913.0916177194	4025.92401814638
238117.43815483237	3819.3525043935047
238117.43815483237	3819.3525043935047
237913.0916177194	4025.92401814638
238209.88436532338	3406.3825368384205
237630.1332249335	4372.480001744243
238117.43815483237	3819.3525043935047
237913.0916177194	4025.92401814638
238117.43815483237	3819.3525043935047
toanvd
236675.50514302682	3446.4058211728748
236675.50514302682	3446.4058211728748
236675.50514302682	3446.4058211728748
236675.50514302682	3446.4058211728748
236675.50514302682	3446.4058211728748
236675.50514302682	3446.4058211728748
236675.50514302682	3446.4058211728748
236675.50514302682	3446.4058211728748
236675.50514302682	3446.4058211728748
235823.2464224006	3791.0753590024747
235823.2464224006	3791.0753590024747
235823.2464224006	3791.0753590024747
235823.2464224006	3791.0753590024747
236675.50514302682	3446.4058211728748
236675.50514302682	3446.4058211728748
toanvd
215638.67660802332	3692.5877482032274
216194.3194111119	3683.4944867055665
toanvd
211839.8402091993	3354.2218786511776
211735.9829397892	3431.750226893747
211735.9829397892	3431.750226893747
211735.9829397892	3431.750226893747
211735.9829397892	3431.750226893747
216601.4095493449	3243.159989547811
216601.4095493449	3243.159989547811
216601.4095493449	3243.159989547811
toanvd
232177.05398367572	3767.082090205613
233453.513621228	3643.9487998824466
233453.513621228	3643.9487998824466
233453.513621228	3643.9487998824466
227360.8890374995	3807.473331135139
227360.8890374995	3807.473331135139
233419.5868098929	3650.123638439506
toanvd
220494.7048498927	3942.218082853305
220494.7048498927	3942.218082853305
220494.7048498927	3942.218082853305
222289.57598482986	3931.842759538653
toanvd
225481.05331578094	3571.0728600642824
223888.50400906627	4001.3732580236356
toanvd
225186.2930882449	4163.393134057513
226102.1913439245	3931.842759538653
225661.73244632117	4104.385123785439
225661.73244632117	4104.385123785439
toanvd
224390.781334351	3666.078529290275
224086.59338080103	3743.493758658553
223697.28934141653	3902.6086141141695
223697.28934141653	3902.6086141141695
223697.28934141653	3902.6086141141695
223697.28934141653	3902.6086141141695
223697.28934141653	3902.6086141141695
toanvd
232425.70789518926	3695.0621119422167
232425.70789518926	3695.0621119422167
232425.70789518926	3695.0621119422167
232425.70789518926	3695.0621119422167
232425.70789518926	3695.0621119422167
232216.01127321643	3700.3390885758417
232210.57692429674	3824.2765831060547
toanvd
223381.5653363937	3837.4637418247366
211984.76604514828	4011.288479931204
toanvd
228303.0080398256	3665.6255808062124
228303.0080398256	3665.6255808062124
228303.0080398256	3665.6255808062124
228303.0080398256	3665.6255808062124
228303.0080398256	3665.6255808062124
228303.0080398256	3665.6255808062124
228303.0080398256	3665.6255808062124
228303.0080398256	3665.6255808062124
228303.0080398256	3665.6255808062124
228303.0080398256	3665.6255808062124
228303.0080398256	3665.6255808062124
228303.0080398256	3665.6255808062124
228303.0080398256	3665.6255808062124
228303.0080398256	3665.6255808062124
218967.5876823297	3672.702225027284
218967.5876823297	3672.702225027284
218967.5876823297	3672.702225027284
218967.5876823297	3672.702225027284
218967.5876823297	3672.702225027284
218967.5876823297	3672.702225027284
218967.5876823297	3672.702225027284
218967.5876823297	3672.702225027284
218967.5876823297	3672.702225027284
218967.5876823297	3672.702225027284
218967.5876823297	3672.702225027284
218967.5876823297	3672.702225027284
218967.5876823297	3672.702225027284
218967.5876823297	3672.702225027284
218967.5876823297	3672.702225027284
218967.5876823297	3672.702225027284
218967.5876823297	3672.702225027284
218839.17785334075	3735.1395940011835
218839.17785334075	3735.1395940011835
218839.17785334075	3735.1395940011835
218839.17785334075	3735.1395940011835
218839.17785334075	3735.1395940011835
218839.17785334075	3735.1395940011835
toanvd
229301.4676711929	3758.0517678685337
229301.4676711929	3758.0517678685337
229301.4676711929	3758.0517678685337
229301.4676711929	3758.0517678685337
229301.4676711929	3758.0517678685337
229304.79261458025	3515.568736843454
229304.79261458025	3515.568736843454
229304.79261458025	3515.568736843454
229304.79261458025	3515.568736843454
229304.79261458025	3515.568736843454
229304.79261458025	3515.568736843454
229304.79261458025	3515.568736843454
229304.79261458025	3515.568736843454
229304.79261458025	3515.568736843454
229304.79261458025	3515.568736843454
229304.79261458025	3515.568736843454
229304.79261458025	3515.568736843454
229304.79261458025	3515.568736843454
229304.79261458025	3515.568736843454
229304.79261458025	3515.568736843454
229304.79261458025	3515.568736843454
229304.79261458025	3515.568736843454
229304.79261458025	3515.568736843454
229304.79261458025	3515.568736843454
229304.79261458025	3515.568736843454
229304.79261458025	3515.568736843454
229304.79261458025	3515.568736843454
229304.79261458025	3515.568736843454
229304.79261458025	3515.568736843454
229304.79261458025	3515.568736843454
229304.79261458025	3515.568736843454
229304.79261458025	3515.568736843454
229304.79261458025	3515.568736843454
229304.79261458025	3515.568736843454
229304.79261458025	3515.568736843454
229304.79261458025	3515.568736843454
229304.79261458025	3515.568736843454
229304.79261458025	3515.568736843454
229304.79261458025	3515.568736843454
229304.79261458025	3515.568736843454
229304.79261458025	3515.568736843454
229304.79261458025	3515.568736843454
229304.79261458025	3515.568736843454
229304.79261458025	3515.568736843454
229304.79261458025	3515.568736843454
229304.79261458025	3515.568736843454
229304.79261458025	3515.568736843454
229304.79261458025	3515.568736843454
229304.79261458025	3515.568736843454
229304.79261458025	3515.568736843454
229304.79261458025	3515.568736843454
229304.79261458025	3515.568736843454
229304.79261458025	3515.568736843454
229304.79261458025	3515.568736843454
229304.79261458025	3515.568736843454
229304.79261458025	3515.568736843454
229304.79261458025	3515.568736843454
229304.79261458025	3515.568736843454
229304.79261458025	3515.568736843454
229304.79261458025	3515.568736843454
229304.79261458025	3515.568736843454
229304.79261458025	3515.568736843454
229304.79261458025	3515.568736843454
229304.79261458025	3515.568736843454
229304.79261458025	3515.568736843454
229304.79261458025	3515.568736843454
229304.79261458025	3515.568736843454
229304.79261458025	3515.568736843454
229304.79261458025	3515.568736843454
229304.79261458025	3515.568736843454
229304.79261458025	3515.568736843454
229304.79261458025	3515.568736843454
229304.79261458025	3515.568736843454
229304.79261458025	3515.568736843454
229304.79261458025	3515.568736843454
229304.79261458025	3515.568736843454
229304.79261458025	3515.568736843454
229304.79261458025	3515.568736843454
229304.79261458025	3515.568736843454
229304.79261458025	3515.568736843454
229304.79261458025	3515.568736843454
229304.79261458025	3515.568736843454
229304.79261458025	3515.568736843454
229304.79261458025	3515.568736843454
229304.79261458025	3515.568736843454
229304.79261458025	3515.568736843454
229304.79261458025	3515.568736843454
229304.79261458025	3515.568736843454
229304.79261458025	3515.568736843454
229304.79261458025	3515.568736843454
223728.64565504142	4126.864724589921
223728.64565504142	4126.864724589921
223728.64565504142	4126.864724589921
223728.64565504142	4126.864724589921
223728.64565504142	4126.864724589921
223728.64565504142	4126.864724589921
223728.64565504142	4126.864724589921
223728.64565504142	4126.864724589921
223728.64565504142	4126.864724589921
223728.64565504142	4126.864724589921
223728.64565504142	4126.864724589921
223728.64565504142	4126.864724589921
223728.64565504142	4126.864724589921
223728.64565504142	4126.864724589921
223728.64565504142	4126.864724589921
223728.64565504142	4126.864724589921
223728.64565504142	4126.864724589921
224633.1430280882	3926.7994194120192
toanvd
229431.0379580176	4017.0462478017216
229431.0379580176	4017.0462478017216
229431.0379580176	4017.0462478017216
249400.51125934717	3876.8747799876232
231285.14088626017	3943.147041482358
231285.14088626017	3943.147041482358
227378.00711946192	4088.6686210103067
227378.00711946192	4088.6686210103067
toanvd
219538.81655508882	3653.3821753554876
toanvd
222723.2069336768	3789.7706408340955
222723.2069336768	3789.7706408340955
toanvd
237315.24851706077	3711.412921411181
235276.3834624447	3836.8463541867095
toanvd
216519.09776864655	3468.142126828482
216009.1227724638	3752.8578829591493
toanvd
224772.62188576994	3405.077071339486
224772.62188576994	3405.077071339486
toanvd
225949.17480225358	3612.1989342262036
225949.17480225358	3612.1989342262036
225949.17480225358	3612.1989342262036
222571.77073900125	3680.4005437957126
toanvd
229314.26852319686	3537.249734291045
229314.26852319686	3537.249734291045
229314.26852319686	3537.249734291045
228394.82519842897	4219.114417302324
228394.82519842897	4219.114417302324
228394.82519842897	4219.114417302324
228394.82519842897	4219.114417302324
228394.82519842897	4219.114417302324
228394.82519842897	4219.114417302324
228394.82519842897	4219.114417302324
toanvd
225856.81332948306	4017.272601494561
225856.81332948306	4017.272601494561
225856.81332948306	4017.272601494561
225856.81332948306	4017.272601494561
225856.81332948306	4017.272601494561
225856.81332948306	4017.272601494561
225856.81332948306	4017.272601494561
225856.81332948306	4017.272601494561
225856.81332948306	4017.272601494561
225856.81332948306	4017.272601494561
225856.81332948306	4017.272601494561
225856.81332948306	4017.272601494561
225856.81332948306	4017.272601494561
225856.81332948306	4017.272601494561
225856.81332948306	4017.272601494561
225856.81332948306	4017.272601494561
225856.81332948306	4017.272601494561
225856.81332948306	4017.272601494561
225856.81332948306	4017.272601494561
225856.81332948306	4017.272601494561
225856.81332948306	4017.272601494561
225856.81332948306	4017.272601494561
225856.81332948306	4017.272601494561
225856.81332948306	4017.272601494561
225856.81332948306	4017.272601494561
225856.81332948306	4017.272601494561
225856.81332948306	4017.272601494561
225856.81332948306	4017.272601494561
225856.81332948306	4017.272601494561
225856.81332948306	4017.272601494561
225856.81332948306	4017.272601494561
222848.68784722514	4026.3373884349758
226296.53963050322	3847.21101687469
225856.81332948306	4017.272601494561
toanvd
217378.8656292806	3852.4444346865926
219789.14776230496	3720.3290299366863
219789.14776230496	3720.3290299366863
219789.14776230496	3720.3290299366863
toanvd
225768.2865337125	3504.6372646467917
221012.92609754376	3758.537848617102
223219.06199979264	3612.1989342262036
223219.06199979264	3612.1989342262036
223219.06199979264	3612.1989342262036
223219.06199979264	3612.1989342262036
223219.06199979264	3612.1989342262036
223219.06199979264	3612.1989342262036
223219.06199979264	3612.1989342262036
220236.7688480518	3847.3491608520885
toanvd
228338.84566362016	3781.511170556508
toanvd
224269.67172784268	3545.204603626962
223018.22671298074	3598.0490028425024
223018.22671298074	3598.0490028425024
223018.22671298074	3598.0490028425024
223018.22671298074	3598.0490028425024
223018.22671298074	3598.0490028425024
toanvd
222946.52917830218	3699.746230531855
223633.1486663714	3647.9139318850193
223633.1486663714	3647.9139318850193
223633.1486663714	3647.9139318850193
223633.1486663714	3647.9139318850193
223633.1486663714	3647.9139318850193
223633.1486663714	3647.9139318850193
223633.1486663714	3647.9139318850193
223633.1486663714	3647.9139318850193
223633.1486663714	3647.9139318850193
223633.1486663714	3647.9139318850193
223633.1486663714	3647.9139318850193
223633.1486663714	3647.9139318850193
223633.1486663714	3647.9139318850193
223633.1486663714	3647.9139318850193
toanvd
214133.1761046252	3857.3515756651846
219055.21567390984	3532.387051409857
toanvd
211064.7315840051	3773.4431860067707
211064.7315840051	3773.4431860067707
211003.9830826761	3950.744168501694
211003.9830826761	3950.744168501694
211003.9830826761	3950.744168501694
211003.9830826761	3950.744168501694
toanvd
221538.17561484865	3697.39535587225
221538.17561484865	3697.39535587225
221538.17561484865	3697.39535587225
221538.17561484865	3697.39535587225
221538.17561484865	3697.39535587225
221538.17561484865	3697.39535587225
221538.17561484865	3697.39535587225
221538.17561484865	3697.39535587225
221538.17561484865	3697.39535587225
221538.17561484865	3697.39535587225
221538.17561484865	3697.39535587225
222707.0615479739	3523.038044271068
toanvd
226711.74749657974	3537.249734291045
225242.79700420905	3635.8824631561333
225242.79700420905	3635.8824631561333
225242.79700420905	3635.8824631561333
225242.79700420905	3635.8824631561333
225242.79700420905	3635.8824631561333
225242.79700420905	3635.8824631561333
toanvd
221778.38514351496	3724.6135574498794
220275.28923909215	3815.938372558358
220275.28923909215	3815.938372558358
220275.28923909215	3815.938372558358
220275.28923909215	3815.938372558358
220275.28923909215	3815.938372558358
220275.28923909215	3815.938372558358
220275.28923909215	3815.938372558358
220275.28923909215	3815.938372558358
220275.28923909215	3815.938372558358
219632.4096462886	4107.752908822197
toanvd
232145.45766515448	3816.229066982124
232145.45766515448	3816.229066982124
224665.71649194363	4066.867778749446
224681.93935310628	3940.8351722902744
toanvd
223597.80312465085	3598.1997376193144
223597.80312465085	3598.1997376193144
223597.80312465085	3598.1997376193144
223597.80312465085	3598.1997376193144
toanvd
221929.34040520716	3735.80061977442
toanvd
224239.14352634127	3831.92248565388
224239.14352634127	3831.92248565388
224239.14352634127	3831.92248565388
224239.14352634127	3831.92248565388
224239.14352634127	3831.92248565388
224239.14352634127	3831.92248565388
224239.14352634127	3831.92248565388
224239.14352634127	3831.92248565388
224239.14352634127	3831.92248565388
228878.96260953537	3766.368989031945
219378.26551397398	4224.112430019859
toanvd
222410.583039574	3882.8158864501165
222410.583039574	3882.8158864501165
toanvd
226520.94753784357	3695.0621119422167
226520.94753784357	3695.0621119422167
226520.94753784357	3695.0621119422167
230912.2742836674	3556.016128085813
226520.94753784357	3695.0621119422167
226520.94753784357	3695.0621119422167
230912.2742836674	3556.016128085813
223990.16008321333	3845.508419992523
226520.94753784357	3695.0621119422167
230912.2742836674	3556.016128085813
230912.2742836674	3556.016128085813
230912.2742836674	3556.016128085813
230912.2742836674	3556.016128085813
230912.2742836674	3556.016128085813
230728.69969683146	3664.771145513803
225405.2818015067	3724.396625323729
225405.2818015067	3724.396625323729
225405.2818015067	3724.396625323729
225405.2818015067	3724.396625323729
toanvd
224466.26917644116	3696.0212916299547
224466.26917644116	3696.0212916299547
224466.26917644116	3696.0212916299547
225393.32238995365	3640.9287952977015
toanvd
223759.02410875328	3715.354790089274
222089.41127501818	3871.5735129032364
222089.41127501818	3871.5735129032364
222089.41127501818	3871.5735129032364
222089.41127501818	3871.5735129032364
toanvd
211441.14569135127	4104.385123785439
211441.14569135127	4104.385123785439
219940.0237062088	3708.3407058332305
219940.0237062088	3708.3407058332305
219940.0237062088	3708.3407058332305
219940.0237062088	3708.3407058332305
219940.0237062088	3708.3407058332305
219940.0237062088	3708.3407058332305
219940.0237062088	3708.3407058332305
219940.0237062088	3708.3407058332305
219940.0237062088	3708.3407058332305
219940.0237062088	3708.3407058332305
219940.0237062088	3708.3407058332305
219940.0237062088	3708.3407058332305
219940.0237062088	3708.3407058332305
219940.0237062088	3708.3407058332305
219940.0237062088	3708.3407058332305
219940.0237062088	3708.3407058332305
219940.0237062088	3708.3407058332305
219940.0237062088	3708.3407058332305
219940.0237062088	3708.3407058332305
219940.0237062088	3708.3407058332305
219940.0237062088	3708.3407058332305
219940.0237062088	3708.3407058332305
219940.0237062088	3708.3407058332305
219940.0237062088	3708.3407058332305
219940.0237062088	3708.3407058332305
219940.0237062088	3708.3407058332305
219940.0237062088	3708.3407058332305
219940.0237062088	3708.3407058332305
219940.0237062088	3708.3407058332305
219940.0237062088	3708.3407058332305
219940.0237062088	3708.3407058332305
219940.0237062088	3708.3407058332305
219940.0237062088	3708.3407058332305
219940.0237062088	3708.3407058332305
219940.0237062088	3708.3407058332305
219940.0237062088	3708.3407058332305
219940.0237062088	3708.3407058332305
219940.0237062088	3708.3407058332305
219940.0237062088	3708.3407058332305
219940.0237062088	3708.3407058332305
219940.0237062088	3708.3407058332305
219940.0237062088	3708.3407058332305
219940.0237062088	3708.3407058332305
219940.0237062088	3708.3407058332305
219940.0237062088	3708.3407058332305
219940.0237062088	3708.3407058332305
219940.0237062088	3708.3407058332305
219940.0237062088	3708.3407058332305
219940.0237062088	3708.3407058332305
219940.0237062088	3708.3407058332305
219940.0237062088	3708.3407058332305
219940.0237062088	3708.3407058332305
219940.0237062088	3708.3407058332305
219940.0237062088	3708.3407058332305
219940.0237062088	3708.3407058332305
219940.0237062088	3708.3407058332305
219940.0237062088	3708.3407058332305
219940.0237062088	3708.3407058332305
219940.0237062088	3708.3407058332305
219940.0237062088	3708.3407058332305
219940.0237062088	3708.3407058332305
219940.0237062088	3708.3407058332305
219940.0237062088	3708.3407058332305
219940.0237062088	3708.3407058332305
219940.0237062088	3708.3407058332305
219940.0237062088	3708.3407058332305
219940.0237062088	3708.3407058332305
219940.0237062088	3708.3407058332305
219940.0237062088	3708.3407058332305
219940.0237062088	3708.3407058332305
219940.0237062088	3708.3407058332305
219940.0237062088	3708.3407058332305
219940.0237062088	3708.3407058332305
219940.0237062088	3708.3407058332305
219940.0237062088	3708.3407058332305
219940.0237062088	3708.3407058332305
219940.0237062088	3708.3407058332305
219940.0237062088	3708.3407058332305
219940.0237062088	3708.3407058332305
219940.0237062088	3708.3407058332305
219940.0237062088	3708.3407058332305
219940.0237062088	3708.3407058332305
219940.0237062088	3708.3407058332305
219940.0237062088	3708.3407058332305
219940.0237062088	3708.3407058332305
219940.0237062088	3708.3407058332305
214238.8979232131	3911.0514300065493
214238.8979232131	3911.0514300065493
214238.8979232131	3911.0514300065493
214238.8979232131	3911.0514300065493
214238.8979232131	3911.0514300065493
214238.8979232131	3911.0514300065493
toanvd
219323.72565500162	3706.094097726056
215814.13650612422	3707.0575035199804
215814.13650612422	3707.0575035199804
215814.13650612422	3707.0575035199804
215814.13650612422	3707.0575035199804
215814.13650612422	3707.0575035199804
215814.13650612422	3707.0575035199804
215814.13650612422	3707.0575035199804
219323.72565500162	3706.094097726056
215814.13650612422	3707.0575035199804
215814.13650612422	3707.0575035199804
215814.13650612422	3707.0575035199804
215814.13650612422	3707.0575035199804
219323.72565500162	3706.094097726056
215814.13650612422	3707.0575035199804
215814.13650612422	3707.0575035199804
215814.13650612422	3707.0575035199804
215814.13650612422	3707.0575035199804
219323.72565500162	3706.094097726056
215814.13650612422	3707.0575035199804
215814.13650612422	3707.0575035199804
214599.13186722746	3713.2649837893277
215814.13650612422	3707.0575035199804
214599.13186722746	3713.2649837893277
214599.13186722746	3713.2649837893277
214015.65997886015	3930.633184650158
toanvd
230980.85472541774	3831.242188368785
227713.7459918964	3860.3304282229647
227713.7459918964	3860.3304282229647
toanvd
217126.89477883783	3911.0514300065493
217126.89477883783	3911.0514300065493
217126.89477883783	3911.0514300065493
217126.89477883783	3911.0514300065493
217126.89477883783	3911.0514300065493
217126.89477883783	3911.0514300065493
217126.89477883783	3911.0514300065493
toanvd
224948.53652907375	3752.8578829591493
toanvd
219860.2150365144	3250.405617676674
217353.2793376509	3271.0220392317133
toanvd
228918.8999755302	3765.161804050737
228918.8999755302	3765.161804050737
228390.82991584807	4000.3333661777824
228918.8999755302	3765.161804050737
228918.8999755302	3765.161804050737
227797.21678897884	4087.916740040308
228671.56055751577	3985.693903595878
228918.8999755302	3765.161804050737
228918.8999755302	3765.161804050737
228671.56055751577	3985.693903595878
228918.8999755302	3765.161804050737
228390.82991584807	4000.3333661777824
229858.95131123805	3629.0285098417867
228390.82991584807	4000.3333661777824
228671.56055751577	3985.693903595878
229342.8897756043	3673.2764280768997
228918.8999755302	3765.161804050737
228918.8999755302	3765.161804050737
228390.82991584807	4000.3333661777824
228671.56055751577	3985.693903595878
228918.8999755302	3765.161804050737
228671.56055751577	3985.693903595878
228671.56055751577	3985.693903595878
228671.56055751577	3985.693903595878
228918.8999755302	3765.161804050737
228918.8999755302	3765.161804050737
228918.8999755302	3765.161804050737
228918.8999755302	3765.161804050737
228918.8999755302	3765.161804050737
229342.8897756043	3673.2764280768997
229342.8897756043	3673.2764280768997
toanvd
232458.75918365477	4176.086039553461
234110.2492038604	3651.985306863188
toanvd
214816.30576088114	3750.24858818476
218046.17876473063	3679.097753799907
213291.30330128095	3808.460852943685
213291.30330128095	3808.460852943685
213291.30330128095	3808.460852943685
211935.4318238286	3928.9861497952293
215111.65930078257	3715.354790089274
toanvd
220686.05928628411	3532.3623628753485
toanvd
213345.88902743353	3634.7858733326752
229400.2674760635	3496.058425059411
229400.2674760635	3496.058425059411
229400.2674760635	3496.058425059411
229400.2674760635	3496.058425059411
229400.2674760635	3496.058425059411
229400.2674760635	3496.058425059411
229400.2674760635	3496.058425059411
229400.2674760635	3496.058425059411
229400.2674760635	3496.058425059411
229400.2674760635	3496.058425059411
229400.2674760635	3496.058425059411
229400.2674760635	3496.058425059411
229400.2674760635	3496.058425059411
229400.2674760635	3496.058425059411
229400.2674760635	3496.058425059411
229400.2674760635	3496.058425059411
229400.2674760635	3496.058425059411
229400.2674760635	3496.058425059411
229400.2674760635	3496.058425059411
229400.2674760635	3496.058425059411
229400.2674760635	3496.058425059411
229400.2674760635	3496.058425059411
229400.2674760635	3496.058425059411
229400.2674760635	3496.058425059411
229400.2674760635	3496.058425059411
229400.2674760635	3496.058425059411
229400.2674760635	3496.058425059411
229400.2674760635	3496.058425059411
229400.2674760635	3496.058425059411
229400.2674760635	3496.058425059411
229400.2674760635	3496.058425059411
229400.2674760635	3496.058425059411
229400.2674760635	3496.058425059411
229400.2674760635	3496.058425059411
229400.2674760635	3496.058425059411
229400.2674760635	3496.058425059411
229400.2674760635	3496.058425059411
229400.2674760635	3496.058425059411
229400.2674760635	3496.058425059411
229400.2674760635	3496.058425059411
229400.2674760635	3496.058425059411
229400.2674760635	3496.058425059411
229400.2674760635	3496.058425059411
229400.2674760635	3496.058425059411
229400.2674760635	3496.058425059411
229400.2674760635	3496.058425059411
229400.2674760635	3496.058425059411
229400.2674760635	3496.058425059411
229400.2674760635	3496.058425059411
229400.2674760635	3496.058425059411
229400.2674760635	3496.058425059411
229400.2674760635	3496.058425059411
229400.2674760635	3496.058425059411
229400.2674760635	3496.058425059411
229400.2674760635	3496.058425059411
229400.2674760635	3496.058425059411
229400.2674760635	3496.058425059411
229400.2674760635	3496.058425059411
229400.2674760635	3496.058425059411
229400.2674760635	3496.058425059411
229400.2674760635	3496.058425059411
229400.2674760635	3496.058425059411
229400.2674760635	3496.058425059411
229400.2674760635	3496.058425059411
229400.2674760635	3496.058425059411
229400.2674760635	3496.058425059411
229400.2674760635	3496.058425059411
229400.2674760635	3496.058425059411
229400.2674760635	3496.058425059411
229400.2674760635	3496.058425059411
229400.2674760635	3496.058425059411
229400.2674760635	3496.058425059411
229400.2674760635	3496.058425059411
229400.2674760635	3496.058425059411
229400.2674760635	3496.058425059411
229400.2674760635	3496.058425059411
229400.2674760635	3496.058425059411
toanvd
228550.46321392866	3751.902973089232
224685.91855530287	3766.4666381013453
223092.86421574792	3766.9851843791794
225601.86407410828	3752.8578829591493
225601.86407410828	3752.8578829591493
toanvd
241928.34798403832	3713.1178331181322
229234.278306933	4542.759644274824
241928.34798403832	3713.1178331181322
229234.278306933	4542.759644274824
241928.34798403832	3713.1178331181322
229234.278306933	4542.759644274824
229936.87921328234	3971.274650578179
229234.278306933	4542.759644274824
229234.278306933	4542.759644274824
229936.87921328234	3971.274650578179
229234.278306933	4542.759644274824
241928.34798403832	3713.1178331181322
229234.278306933	4542.759644274824
229234.278306933	4542.759644274824
229234.278306933	4542.759644274824
229566.8214761845	4190.919015210162
243336.1486138702	3679.097753799907
243336.1486138702	3679.097753799907
243336.1486138702	3679.097753799907
243336.1486138702	3679.097753799907
toanvd
227687.48894529793	4583.354346483876
236640.0839560781	3743.493758658553
241499.53513636446	3689.8908771893553
toanvd
228663.9555896538	3629.0285098417867
228663.9555896538	3629.0285098417867
228663.9555896538	3629.0285098417867
228663.9555896538	3629.0285098417867
228442.5769956425	3847.36027246649
228442.5769956425	3847.36027246649
228442.5769956425	3847.36027246649
toanvd
211183.88036272832	3614.032334790096
210957.96287720255	3718.062184215796
219527.69454327796	3603.5968838908407
toanvd
225609.26687392272	3630.2183790926483
225609.26687392272	3630.2183790926483
225609.26687392272	3630.2183790926483
225609.26687392272	3630.2183790926483
226210.75677325408	3282.6066344718583
225609.26687392272	3630.2183790926483
225609.26687392272	3630.2183790926483
225609.26687392272	3630.2183790926483
225609.26687392272	3630.2183790926483
toanvd
229145.89328205545	3600.734565479457
toanvd
224849.3823097314	3728.7233465918525
224849.3823097314	3728.7233465918525
224849.3823097314	3728.7233465918525
224849.3823097314	3728.7233465918525
224849.3823097314	3728.7233465918525
224849.3823097314	3728.7233465918525
224849.3823097314	3728.7233465918525
224849.3823097314	3728.7233465918525
224849.3823097314	3728.7233465918525
224849.3823097314	3728.7233465918525
224586.68933275453	3811.2260332478945
224586.68933275453	3811.2260332478945
toanvd
217255.40580890264	3432.5055015249054
217255.40580890264	3432.5055015249054
214970.3997887831	3532.3623628753485
214970.3997887831	3532.3623628753485
214970.3997887831	3532.3623628753485
214970.3997887831	3532.3623628753485
214970.3997887831	3532.3623628753485
toanvd
228442.00583118366	3661.875660938909
228442.00583118366	3661.875660938909
228442.00583118366	3661.875660938909
227824.60064340752	4006.2861194681736
toanvd
230267.12988927195	3554.2717917896866
226187.1748195052	3666.1620917532277
227495.61640525734	3604.7241963534952
toanvd
222200.6554669694	3706.9115242538583
222200.6554669694	3706.9115242538583
220693.85594540832	3754.987955927124
toanvd
221866.62635633	3574.1288005701153
221866.62635633	3574.1288005701153
221866.62635633	3574.1288005701153
221866.62635633	3574.1288005701153
221866.62635633	3574.1288005701153
221866.62635633	3574.1288005701153
221866.62635633	3574.1288005701153
221866.62635633	3574.1288005701153
221866.62635633	3574.1288005701153
221866.62635633	3574.1288005701153
221866.62635633	3574.1288005701153
221866.62635633	3574.1288005701153
221866.62635633	3574.1288005701153
221866.62635633	3574.1288005701153
221866.62635633	3574.1288005701153
221866.62635633	3574.1288005701153
221739.85584830065	3834.646916224589
221739.85584830065	3834.646916224589
221739.85584830065	3834.646916224589
221739.85584830065	3834.646916224589
221739.85584830065	3834.646916224589
221739.85584830065	3834.646916224589
toanvd
225945.74414590374	4111.681442426819
227773.35835794784	3938.5619081374984
toanvd
213778.31657315654	3852.8972594072975
214301.71471196995	3651.9286887452286
210384.78295323762	3894.4583062506717
210384.78295323762	3894.4583062506717
210384.78295323762	3894.4583062506717
toanvd
225649.58444529932	3751.5233414816216
225649.58444529932	3751.5233414816216
225649.58444529932	3751.5233414816216
225649.58444529932	3751.5233414816216
225649.58444529932	3751.5233414816216
225649.58444529932	3751.5233414816216
225649.58444529932	3751.5233414816216
225649.58444529932	3751.5233414816216
225649.58444529932	3751.5233414816216
225649.58444529932	3751.5233414816216
225649.58444529932	3751.5233414816216
225649.58444529932	3751.5233414816216
225649.58444529932	3751.5233414816216
226596.77149691267	3748.9043608998086
toanvd
237553.54456838066	3565.668533781268
237553.54456838066	3565.668533781268
237553.54456838066	3565.668533781268
237553.54456838066	3565.668533781268
237553.54456838066	3565.668533781268
231887.88896806585	3644.9401860868275
231887.88896806585	3644.9401860868275
231887.88896806585	3644.9401860868275
231887.88896806585	3644.9401860868275
231887.88896806585	3644.9401860868275
231887.88896806585	3644.9401860868275
231887.88896806585	3644.9401860868275
toanvd
232780.2279064701	3827.2192994713096
226916.86357696998	4174.977182974274
228858.29593898656	3936.28719624017
228858.29593898656	3936.28719624017
228858.29593898656	3936.28719624017
toanvd
221252.50844857798	3807.5542581397845
224179.40389058646	3789.7706408340955
toanvd
222334.69978271378	3519.370755595128
219807.06195244615	3522.410574212484
toanvd
227215.36070847066	4175.012421131874
231211.33035402856	3413.081816888517
227215.36070847066	4175.012421131874
227215.36070847066	4175.012421131874
227215.36070847066	4175.012421131874
230719.34555222286	3958.8447589393927
230719.34555222286	3958.8447589393927
toanvd
243030.59508960808	3611.377904046473
236899.15939508402	3695.0621119422167
227500.5841830621	3704.522946272607
227304.6452984855	4017.272601494561
toanvd
219792.09230569098	3651.985306863188
toanvd
219244.28139010648	3853.3244592155384
217400.40038876113	3883.4905387005215
217400.40038876113	3883.4905387005215
217400.40038876113	3883.4905387005215
217400.40038876113	3883.4905387005215
217400.40038876113	3883.4905387005215
217400.40038876113	3883.4905387005215
217400.40038876113	3883.4905387005215
215281.7844321944	3933.408001465713
215281.7844321944	3933.408001465713
toanvd
230138.0002284866	3692.5245308456747
230138.0002284866	3692.5245308456747
231287.67997749717	3647.78110133646
toanvd
215515.56123404583	3644.9401860868275
215515.56123404583	3644.9401860868275
215515.56123404583	3644.9401860868275
219191.89085340168	3632.542448314808
215515.56123404583	3644.9401860868275
215515.56123404583	3644.9401860868275
toanvd
226375.0480798816	3353.7634718319455
226375.0480798816	3353.7634718319455
226375.0480798816	3353.7634718319455
226375.0480798816	3353.7634718319455
226375.0480798816	3353.7634718319455
226375.0480798816	3353.7634718319455
226375.0480798816	3353.7634718319455
226375.0480798816	3353.7634718319455
226375.0480798816	3353.7634718319455
226375.0480798816	3353.7634718319455
226375.0480798816	3353.7634718319455
226375.0480798816	3353.7634718319455
226375.0480798816	3353.7634718319455
223136.75692317288	3581.501014928897
223136.75692317288	3581.501014928897
226375.0480798816	3353.7634718319455
223246.1870742363	3466.4380168805246
toanvd
230709.6828546155	3638.2682377096335
229292.95076399163	3666.1620917532277
229292.95076399163	3666.1620917532277
toanvd
227271.00532579134	3684.7586423858793
226672.9299818089	3690.885168417662
227271.00532579134	3684.7586423858793
227271.00532579134	3684.7586423858793
227271.00532579134	3684.7586423858793
227271.00532579134	3684.7586423858793
227271.00532579134	3684.7586423858793
227271.00532579134	3684.7586423858793
227271.00532579134	3684.7586423858793
227271.00532579134	3684.7586423858793
227271.00532579134	3684.7586423858793
227271.00532579134	3684.7586423858793
227271.00532579134	3684.7586423858793
226672.9299818089	3690.885168417662
227271.00532579134	3684.7586423858793
227271.00532579134	3684.7586423858793
227271.00532579134	3684.7586423858793
227271.00532579134	3684.7586423858793
226672.9299818089	3690.885168417662
227271.00532579134	3684.7586423858793
227271.00532579134	3684.7586423858793
227271.00532579134	3684.7586423858793
227271.00532579134	3684.7586423858793
227271.00532579134	3684.7586423858793
227271.00532579134	3684.7586423858793
227271.00532579134	3684.7586423858793
227271.00532579134	3684.7586423858793
227271.00532579134	3684.7586423858793
227271.00532579134	3684.7586423858793
227271.00532579134	3684.7586423858793
227271.00532579134	3684.7586423858793
227271.00532579134	3684.7586423858793
227271.00532579134	3684.7586423858793
227271.00532579134	3684.7586423858793
toanvd
223559.74525868878	3640.676079697567
223559.74525868878	3640.676079697567
223559.74525868878	3640.676079697567
223559.74525868878	3640.676079697567
223559.74525868878	3640.676079697567
223559.74525868878	3640.676079697567
223559.74525868878	3640.676079697567
223559.74525868878	3640.676079697567
223559.74525868878	3640.676079697567
223559.74525868878	3640.676079697567
223559.74525868878	3640.676079697567
223559.74525868878	3640.676079697567
223559.74525868878	3640.676079697567
225624.97284430783	3621.4078330068064
223559.74525868878	3640.676079697567
223559.74525868878	3640.676079697567
223559.74525868878	3640.676079697567
223559.74525868878	3640.676079697567
223559.74525868878	3640.676079697567
223559.74525868878	3640.676079697567
223559.74525868878	3640.676079697567
223559.74525868878	3640.676079697567
223559.74525868878	3640.676079697567
223559.74525868878	3640.676079697567
223559.74525868878	3640.676079697567
223559.74525868878	3640.676079697567
223559.74525868878	3640.676079697567
223559.74525868878	3640.676079697567
223559.74525868878	3640.676079697567
223559.74525868878	3640.676079697567
223559.74525868878	3640.676079697567
223559.74525868878	3640.676079697567
223559.74525868878	3640.676079697567
223559.74525868878	3640.676079697567
225624.97284430783	3621.4078330068064
225624.97284430783	3621.4078330068064
223559.74525868878	3640.676079697567
223559.74525868878	3640.676079697567
223559.74525868878	3640.676079697567
223559.74525868878	3640.676079697567
223559.74525868878	3640.676079697567
223559.74525868878	3640.676079697567
223559.74525868878	3640.676079697567
223559.74525868878	3640.676079697567
223559.74525868878	3640.676079697567
223559.74525868878	3640.676079697567
223559.74525868878	3640.676079697567
toanvd
226395.5992669719	3483.0746000900203
226395.5992669719	3483.0746000900203
224216.89520096747	3715.354790089274
224216.89520096747	3715.354790089274
224216.89520096747	3715.354790089274
225184.75244783596	3631.620303778124
223663.25967221358	3752.8578829591493
223663.25967221358	3752.8578829591493
223663.25967221358	3752.8578829591493
223663.25967221358	3752.8578829591493
toanvd
220176.46625545173	3420.007888646809
217472.18406213037	3554.2717917896866
toanvd
222378.6410470259	3902.6086141141695
toanvd
218524.7993179826	3674.7003241847297
211679.46296508747	3879.6314816816976
211679.46296508747	3879.6314816816976
212594.1002944359	3728.7233465918525
toanvd
232790.16274879832	3821.595734344249
232790.16274879832	3821.595734344249
232790.16274879832	3821.595734344249
232790.16274879832	3821.595734344249
232790.16274879832	3821.595734344249
232790.16274879832	3821.595734344249
232407.73776127934	3953.407230404274
232790.16274879832	3821.595734344249
232790.16274879832	3821.595734344249
232790.16274879832	3821.595734344249
toanvd
227797.0203483836	3715.354790089274
221684.91948784757	3925.642715009579
224566.91507052048	3916.0787403934614
224566.91507052048	3916.0787403934614
toanvd
229159.54287491945	3807.473331135139
230899.0095473101	3682.3654178804854
toanvd
229238.65755586466	4349.6782057063665
229238.65755586466	4349.6782057063665
229238.65755586466	4349.6782057063665
229238.65755586466	4349.6782057063665
229238.65755586466	4349.6782057063665
229238.65755586466	4349.6782057063665
246143.0464843213	3931.842759538653
229238.65755586466	4349.6782057063665
229238.65755586466	4349.6782057063665
234538.8804166361	4272.817496387567
229238.65755586466	4349.6782057063665
229238.65755586466	4349.6782057063665
246143.0464843213	3931.842759538653
229238.65755586466	4349.6782057063665
229238.65755586466	4349.6782057063665
234538.8804166361	4272.817496387567
246143.0464843213	3931.842759538653
246073.77559378243	4025.6243466828973
toanvd
228972.04747455515	3524.2877460455243
228870.49674606178	3629.2111368333517
228870.49674606178	3629.2111368333517
228870.49674606178	3629.2111368333517
228458.4805829259	3764.89127184928
228458.4805829259	3764.89127184928
toanvd
239044.00847709598	3408.793567848482
228000.5578040816	3834.646916224589
237170.4912385879	3679.097753799907
toanvd
207516.8439453659	3556.016128085813
207516.8439453659	3556.016128085813
toanvd
219244.24142333172	3565.668533781268
toanvd
231999.409268052	3713.1178331181322
231999.409268052	3713.1178331181322
231999.409268052	3713.1178331181322
231999.409268052	3713.1178331181322
232234.44065391333	3660.6718273901424
231999.409268052	3713.1178331181322
231999.409268052	3713.1178331181322
231999.409268052	3713.1178331181322
231648.40136330298	3925.0089174281798
231999.409268052	3713.1178331181322
231999.409268052	3713.1178331181322
231648.40136330298	3925.0089174281798
toanvd
215915.54553704307	3339.1022135075177
215915.54553704307	3339.1022135075177
215915.54553704307	3339.1022135075177
215915.54553704307	3339.1022135075177
215915.54553704307	3339.1022135075177
215915.54553704307	3339.1022135075177
215915.54553704307	3339.1022135075177
215915.54553704307	3339.1022135075177
215915.54553704307	3339.1022135075177
215915.54553704307	3339.1022135075177
215915.54553704307	3339.1022135075177
215915.54553704307	3339.1022135075177
215915.54553704307	3339.1022135075177
215915.54553704307	3339.1022135075177
215915.54553704307	3339.1022135075177
215915.54553704307	3339.1022135075177
215915.54553704307	3339.1022135075177
215915.54553704307	3339.1022135075177
215915.54553704307	3339.1022135075177
215915.54553704307	3339.1022135075177
215915.54553704307	3339.1022135075177
215915.54553704307	3339.1022135075177
215915.54553704307	3339.1022135075177
215915.54553704307	3339.1022135075177
215915.54553704307	3339.1022135075177
215915.54553704307	3339.1022135075177
215915.54553704307	3339.1022135075177
215915.54553704307	3339.1022135075177
215915.54553704307	3339.1022135075177
215915.54553704307	3339.1022135075177
215915.54553704307	3339.1022135075177
215915.54553704307	3339.1022135075177
215915.54553704307	3339.1022135075177
215915.54553704307	3339.1022135075177
215915.54553704307	3339.1022135075177
215915.54553704307	3339.1022135075177
215915.54553704307	3339.1022135075177
215915.54553704307	3339.1022135075177
215915.54553704307	3339.1022135075177
215915.54553704307	3339.1022135075177
215915.54553704307	3339.1022135075177
215915.54553704307	3339.1022135075177
215915.54553704307	3339.1022135075177
215915.54553704307	3339.1022135075177
215915.54553704307	3339.1022135075177
215915.54553704307	3339.1022135075177
215915.54553704307	3339.1022135075177
215915.54553704307	3339.1022135075177
215915.54553704307	3339.1022135075177
215915.54553704307	3339.1022135075177
215915.54553704307	3339.1022135075177
215915.54553704307	3339.1022135075177
215915.54553704307	3339.1022135075177
215915.54553704307	3339.1022135075177
215915.54553704307	3339.1022135075177
215915.54553704307	3339.1022135075177
215915.54553704307	3339.1022135075177
215915.54553704307	3339.1022135075177
215915.54553704307	3339.1022135075177
215892.02053428473	3677.839429814296
215915.54553704307	3339.1022135075177
215915.54553704307	3339.1022135075177
215915.54553704307	3339.1022135075177
215915.54553704307	3339.1022135075177
215915.54553704307	3339.1022135075177
215915.54553704307	3339.1022135075177
215915.54553704307	3339.1022135075177
215915.54553704307	3339.1022135075177
215915.54553704307	3339.1022135075177
215915.54553704307	3339.1022135075177
215915.54553704307	3339.1022135075177
215915.54553704307	3339.1022135075177
215915.54553704307	3339.1022135075177
215915.54553704307	3339.1022135075177
215915.54553704307	3339.1022135075177
215915.54553704307	3339.1022135075177
215915.54553704307	3339.1022135075177
215915.54553704307	3339.1022135075177
215915.54553704307	3339.1022135075177
215915.54553704307	3339.1022135075177
215915.54553704307	3339.1022135075177
215915.54553704307	3339.1022135075177
215915.54553704307	3339.1022135075177
215915.54553704307	3339.1022135075177
215915.54553704307	3339.1022135075177
215915.54553704307	3339.1022135075177
215915.54553704307	3339.1022135075177
215915.54553704307	3339.1022135075177
215915.54553704307	3339.1022135075177
215915.54553704307	3339.1022135075177
215915.54553704307	3339.1022135075177
215915.54553704307	3339.1022135075177
215915.54553704307	3339.1022135075177
215915.54553704307	3339.1022135075177
215915.54553704307	3339.1022135075177
215915.54553704307	3339.1022135075177
215915.54553704307	3339.1022135075177
215915.54553704307	3339.1022135075177
215915.54553704307	3339.1022135075177
215915.54553704307	3339.1022135075177
215915.54553704307	3339.1022135075177
215915.54553704307	3339.1022135075177
215915.54553704307	3339.1022135075177
215915.54553704307	3339.1022135075177
215915.54553704307	3339.1022135075177
215915.54553704307	3339.1022135075177
215915.54553704307	3339.1022135075177
215915.54553704307	3339.1022135075177
215915.54553704307	3339.1022135075177
215915.54553704307	3339.1022135075177
215915.54553704307	3339.1022135075177
215915.54553704307	3339.1022135075177
215915.54553704307	3339.1022135075177
215915.54553704307	3339.1022135075177
215915.54553704307	3339.1022135075177
215915.54553704307	3339.1022135075177
215915.54553704307	3339.1022135075177
215915.54553704307	3339.1022135075177
215915.54553704307	3339.1022135075177
215825.26010691677	3720.3290299366863
215915.54553704307	3339.1022135075177
215915.54553704307	3339.1022135075177
215915.54553704307	3339.1022135075177
215915.54553704307	3339.1022135075177
215915.54553704307	3339.1022135075177
215915.54553704307	3339.1022135075177
215915.54553704307	3339.1022135075177
215915.54553704307	3339.1022135075177
215915.54553704307	3339.1022135075177
215915.54553704307	3339.1022135075177
215915.54553704307	3339.1022135075177
215915.54553704307	3339.1022135075177
215915.54553704307	3339.1022135075177
215915.54553704307	3339.1022135075177
215915.54553704307	3339.1022135075177
215915.54553704307	3339.1022135075177
215915.54553704307	3339.1022135075177
215915.54553704307	3339.1022135075177
215915.54553704307	3339.1022135075177
215915.54553704307	3339.1022135075177
215915.54553704307	3339.1022135075177
215915.54553704307	3339.1022135075177
215915.54553704307	3339.1022135075177
215915.54553704307	3339.1022135075177
215915.54553704307	3339.1022135075177
215915.54553704307	3339.1022135075177
215915.54553704307	3339.1022135075177
215915.54553704307	3339.1022135075177
215915.54553704307	3339.1022135075177
215915.54553704307	3339.1022135075177
215915.54553704307	3339.1022135075177
215915.54553704307	3339.1022135075177
215915.54553704307	3339.1022135075177
215915.54553704307	3339.1022135075177
215915.54553704307	3339.1022135075177
215915.54553704307	3339.1022135075177
215915.54553704307	3339.1022135075177
215915.54553704307	3339.1022135075177
215915.54553704307	3339.1022135075177
215915.54553704307	3339.1022135075177
215915.54553704307	3339.1022135075177
215915.54553704307	3339.1022135075177
215915.54553704307	3339.1022135075177
215915.54553704307	3339.1022135075177
215915.54553704307	3339.1022135075177
215915.54553704307	3339.1022135075177
215915.54553704307	3339.1022135075177
215915.54553704307	3339.1022135075177
215915.54553704307	3339.1022135075177
215915.54553704307	3339.1022135075177
215915.54553704307	3339.1022135075177
215915.54553704307	3339.1022135075177
215915.54553704307	3339.1022135075177
215915.54553704307	3339.1022135075177
215915.54553704307	3339.1022135075177
215915.54553704307	3339.1022135075177
215915.54553704307	3339.1022135075177
215915.54553704307	3339.1022135075177
215915.54553704307	3339.1022135075177
215915.54553704307	3339.1022135075177
215915.54553704307	3339.1022135075177
215915.54553704307	3339.1022135075177
215915.54553704307	3339.1022135075177
215915.54553704307	3339.1022135075177
215915.54553704307	3339.1022135075177
215915.54553704307	3339.1022135075177
215915.54553704307	3339.1022135075177
215915.54553704307	3339.1022135075177
215915.54553704307	3339.1022135075177
215915.54553704307	3339.1022135075177
215915.54553704307	3339.1022135075177
215915.54553704307	3339.1022135075177
215915.54553704307	3339.1022135075177
215915.54553704307	3339.1022135075177
215915.54553704307	3339.1022135075177
215915.54553704307	3339.1022135075177
215915.54553704307	3339.1022135075177
215915.54553704307	3339.1022135075177
215915.54553704307	3339.1022135075177
215915.54553704307	3339.1022135075177
toanvd
229399.30955991498	3995.2508397608717
229399.30955991498	3995.2508397608717
229399.30955991498	3995.2508397608717
229399.30955991498	3995.2508397608717
229399.30955991498	3995.2508397608717
229602.29927540288	3726.914124537833
229399.30955991498	3995.2508397608717
231222.12374581574	3695.0621119422167
229399.30955991498	3995.2508397608717
toanvd
226581.55410038543	3669.7310747281695
226581.55410038543	3669.7310747281695
226581.55410038543	3669.7310747281695
226581.55410038543	3669.7310747281695
223456.30638516636	3704.522946272607
223456.30638516636	3704.522946272607
223456.30638516636	3704.522946272607
223456.30638516636	3704.522946272607
223456.30638516636	3704.522946272607
223456.30638516636	3704.522946272607
223456.30638516636	3704.522946272607
223456.30638516636	3704.522946272607
223456.30638516636	3704.522946272607
223456.30638516636	3704.522946272607
223456.30638516636	3704.522946272607
223456.30638516636	3704.522946272607
223456.30638516636	3704.522946272607
223456.30638516636	3704.522946272607
223456.30638516636	3704.522946272607
223456.30638516636	3704.522946272607
223456.30638516636	3704.522946272607
223456.30638516636	3704.522946272607
223456.30638516636	3704.522946272607
223456.30638516636	3704.522946272607
223456.30638516636	3704.522946272607
223456.30638516636	3704.522946272607
223456.30638516636	3704.522946272607
223456.30638516636	3704.522946272607
223456.30638516636	3704.522946272607
223456.30638516636	3704.522946272607
223456.30638516636	3704.522946272607
223456.30638516636	3704.522946272607
223456.30638516636	3704.522946272607
223456.30638516636	3704.522946272607
toanvd
226945.04722143244	3664.24607735778
226945.04722143244	3664.24607735778
226884.94227767675	4005.3119021188304
226884.94227767675	4005.3119021188304
226884.94227767675	4005.3119021188304
toanvd
214773.51075468466	3847.080671576756
217011.5074529862	3687.9670117905616
217025.27948852285	3652.43066816991
215840.33106754263	3791.251035958889
215840.33106754263	3791.251035958889
215840.33106754263	3791.251035958889
215840.33106754263	3791.251035958889
toanvd
235055.03148820528	3728.7233465918525
237526.77599210828	3674.5613838175236
237526.77599210828	3674.5613838175236
237526.77599210828	3674.5613838175236
237540.13498367334	3609.260773297249
235055.03148820528	3728.7233465918525
235055.03148820528	3728.7233465918525
237526.77599210828	3674.5613838175236
237526.77599210828	3674.5613838175236
237526.77599210828	3674.5613838175236
237540.13498367334	3609.260773297249
235055.03148820528	3728.7233465918525
235055.03148820528	3728.7233465918525
237526.77599210828	3674.5613838175236
235055.03148820528	3728.7233465918525
216492.12882264875	3816.778783539642
216492.12882264875	3816.778783539642
toanvd
232897.56983057538	4003.9680555819486
232897.56983057538	4003.9680555819486
232897.56983057538	4003.9680555819486
232897.56983057538	4003.9680555819486
232897.56983057538	4003.9680555819486
242421.68270913503	3811.548971789434
247948.5187439143	3714.190417625873
247948.5187439143	3714.190417625873
toanvd
217693.29490044154	3607.111864605719
217693.29490044154	3607.111864605719
217693.29490044154	3607.111864605719
217693.29490044154	3607.111864605719
217693.29490044154	3607.111864605719
217693.29490044154	3607.111864605719
217693.29490044154	3607.111864605719
toanvd
225048.81585447147	3847.947330342949
225048.81585447147	3847.947330342949
toanvd
216748.50822328212	3514.3845062849064
216748.50822328212	3514.3845062849064
216748.50822328212	3514.3845062849064
216748.50822328212	3514.3845062849064
toanvd
228033.59726082612	4066.867778749446
228033.59726082612	4066.867778749446
228033.59726082612	4066.867778749446
228033.59726082612	4066.867778749446
228033.59726082612	4066.867778749446
228033.59726082612	4066.867778749446
228033.59726082612	4066.867778749446
240384.9256348023	4022.731007017194
240384.9256348023	4022.731007017194
240384.9256348023	4022.731007017194
240384.9256348023	4022.731007017194
231353.63082688645	4026.1067669132844
244198.3136346363	4005.7551335173634
toanvd
218342.28663885518	3460.3039906217214
218342.28663885518	3460.3039906217214
221891.34635857953	3453.0173719303593
221891.34635857953	3453.0173719303593
toanvd
222617.69016986762	3497.433631483177
222617.69016986762	3497.433631483177
222617.69016986762	3497.433631483177
216953.70180545546	3546.3470722008497
222617.69016986762	3497.433631483177
toanvd
227500.74158872754	3543.0709813156027
227500.74158872754	3543.0709813156027
227500.74158872754	3543.0709813156027
219454.49460099882	3565.1803739739253
219454.49460099882	3565.1803739739253
toanvd
228321.57452584666	3434.7535210805763
228321.57452584666	3434.7535210805763
225011.67831766114	3468.142126828482
toanvd
238160.75744967416	3743.493758658553
233206.84816932876	3790.186282225423
233206.84816932876	3790.186282225423
220630.90597381492	4722.635863120129
220630.90597381492	4722.635863120129
220630.90597381492	4722.635863120129
220630.90597381492	4722.635863120129
220630.90597381492	4722.635863120129
220630.90597381492	4722.635863120129
227286.80975747973	4276.276788700095
227286.80975747973	4276.276788700095
227286.80975747973	4276.276788700095
toanvd
218995.67512054648	4073.676988897424
213670.18640738793	4187.776630489398
toanvd
223778.0825852019	3267.4972831804516
220540.63167667037	3575.8101436922334
220540.63167667037	3575.8101436922334
220540.63167667037	3575.8101436922334
218159.39302305123	3631.699574563743
218159.39302305123	3631.699574563743
toanvd
233175.96186505185	3346.1615536047925
231339.5476816787	3373.2620783467996
toanvd
218297.78577534272	4137.951432446077
224085.46115247888	4073.1422272121536
218297.78577534272	4137.951432446077
228977.23698042374	3736.4395344727045
224085.46115247888	4073.1422272121536
218297.78577534272	4137.951432446077
224085.46115247888	4073.1422272121536
228977.23698042374	3736.4395344727045
228977.23698042374	3736.4395344727045
221591.11233988297	4108.223063738906
218297.78577534272	4137.951432446077
224085.46115247888	4073.1422272121536
228977.23698042374	3736.4395344727045
218297.78577534272	4137.951432446077
224085.46115247888	4073.1422272121536
224085.46115247888	4073.1422272121536
228977.23698042374	3736.4395344727045
218297.78577534272	4137.951432446077
224262.72004201604	4047.2827352395248
224262.72004201604	4047.2827352395248
toanvd
227164.98431014383	3833.267944853915
toanvd
223404.36108537228	3754.5703595980167
toanvd
216429.46354305398	3633.502700704358
215896.60562409039	3661.132779104185
toanvd
221432.68171866014	3621.4078330068064
221432.68171866014	3621.4078330068064
221432.68171866014	3621.4078330068064
221432.68171866014	3621.4078330068064
221432.68171866014	3621.4078330068064
221432.68171866014	3621.4078330068064
221432.68171866014	3621.4078330068064
221432.68171866014	3621.4078330068064
221432.68171866014	3621.4078330068064
221432.68171866014	3621.4078330068064
221432.68171866014	3621.4078330068064
222335.05657789417	3596.3053111345507
toanvd
223345.26467460717	3692.5245308456747
223345.26467460717	3692.5245308456747
toanvd
224001.8743898117	3378.2673320656886
221606.86906050073	3455.8933661435935
221884.31349747055	3397.673709643415
toanvd
233796.62507660687	3847.1341279758467
224245.74879225544	3921.284254455754
226308.93677458522	3893.8348734471983
226308.93677458522	3893.8348734471983
232574.76669764894	3876.9077167361397
232574.76669764894	3876.9077167361397
232574.76669764894	3876.9077167361397
232574.76669764894	3876.9077167361397
232574.76669764894	3876.9077167361397
232574.76669764894	3876.9077167361397
232574.76669764894	3876.9077167361397
232574.76669764894	3876.9077167361397
232574.76669764894	3876.9077167361397
232574.76669764894	3876.9077167361397
232574.76669764894	3876.9077167361397
232574.76669764894	3876.9077167361397
232574.76669764894	3876.9077167361397
232574.76669764894	3876.9077167361397
232574.76669764894	3876.9077167361397
232574.76669764894	3876.9077167361397
232574.76669764894	3876.9077167361397
232574.76669764894	3876.9077167361397
232574.76669764894	3876.9077167361397
232574.76669764894	3876.9077167361397
232574.76669764894	3876.9077167361397
232574.76669764894	3876.9077167361397
232574.76669764894	3876.9077167361397
232574.76669764894	3876.9077167361397
233796.62507660687	3847.1341279758467
234393.5723614894	3724.6135574498794
toanvd
229365.41279917283	3630.00021038894
229365.41279917283	3630.00021038894
231129.8487015525	3469.9545838063464
231129.8487015525	3469.9545838063464
toanvd
229853.23282689802	3887.009452867275
244968.69895626273	3755.366681094204
229853.23282689802	3887.009452867275
229853.23282689802	3887.009452867275
244968.69895626273	3755.366681094204
229853.23282689802	3887.009452867275
229853.23282689802	3887.009452867275
229243.1035708513	3966.3750592750175
229243.1035708513	3966.3750592750175
229243.1035708513	3966.3750592750175
229243.1035708513	3966.3750592750175
toanvd
229652.62054386752	3651.029850036722
229652.62054386752	3651.029850036722
222796.1545305546	3715.354790089274
229652.62054386752	3651.029850036722
toanvd
228778.99219722528	3535.804647153499
227018.92141452085	3544.856733516261
229828.11213030966	3519.370755595128
229828.11213030966	3519.370755595128
229828.11213030966	3519.370755595128
229828.11213030966	3519.370755595128
226865.72033847656	3789.7706408340955
toanvd
214165.72659451017	3833.267944853915
282376.82686878846	3799.434737782878
214165.72659451017	3833.267944853915
281641.01155455527	3818.909712524539
277074.63634174067	3824.2765831060547
toanvd
218280.2699638258	3758.2535071501998
toanvd
218023.17786855437	3554.2717917896866
218023.17786855437	3554.2717917896866
218023.17786855437	3554.2717917896866
toanvd
218899.0962018093	3723.4281558524403
218899.0962018093	3723.4281558524403
218899.0962018093	3723.4281558524403
218899.0962018093	3723.4281558524403
218899.0962018093	3723.4281558524403
218899.0962018093	3723.4281558524403
toanvd
226420.60198036878	3857.977482411112
226420.60198036878	3857.977482411112
226420.60198036878	3857.977482411112
toanvd
223075.86838444468	3589.481631261569
221321.61948427738	3656.611193463723
220815.67161664326	3657.3333486692027
220815.67161664326	3657.3333486692027
220815.67161664326	3657.3333486692027
toanvd
