215468.69198634394	3532.1460052174675
215468.69198634394	3532.1460052174675
215468.69198634394	3532.1460052174675
215468.69198634394	3532.1460052174675
toanvd
207596.78684729204	3327.5914365261146
207596.78684729204	3327.5914365261146
207596.78684729204	3327.5914365261146
214120.7703028478	3277.2710731791603
207596.78684729204	3327.5914365261146
toanvd
222557.49829629977	3710.429189947244
229024.70608531302	3677.6002463640148
229024.70608531302	3677.6002463640148
229024.70608531302	3677.6002463640148
229024.70608531302	3677.6002463640148
221622.92843610956	5272.136807557776
toanvd
222586.8825937204	3448.925299772975
222586.8825937204	3448.925299772975
222586.8825937204	3448.925299772975
222586.8825937204	3448.925299772975
222586.8825937204	3448.925299772975
222586.8825937204	3448.925299772975
222586.8825937204	3448.925299772975
222586.8825937204	3448.925299772975
218657.73931501358	3504.3845062849064
218558.6477988011	3671.144770728141
218558.6477988011	3671.144770728141
218657.73931501358	3504.3845062849064
218657.73931501358	3504.3845062849064
218657.73931501358	3504.3845062849064
toanvd
221241.59847719414	3669.097753799907
221241.59847719414	3669.097753799907
221241.59847719414	3669.097753799907
221241.59847719414	3669.097753799907
221241.59847719414	3669.097753799907
221241.59847719414	3669.097753799907
221241.59847719414	3669.097753799907
219791.56554504193	3909.6977077645865
219791.56554504193	3909.6977077645865
219791.56554504193	3909.6977077645865
219791.56554504193	3909.6977077645865
219791.56554504193	3909.6977077645865
219791.56554504193	3909.6977077645865
219791.56554504193	3909.6977077645865
219791.56554504193	3909.6977077645865
219791.56554504193	3909.6977077645865
219791.56554504193	3909.6977077645865
219791.56554504193	3909.6977077645865
219791.56554504193	3909.6977077645865
219791.56554504193	3909.6977077645865
219791.56554504193	3909.6977077645865
219791.56554504193	3909.6977077645865
219791.56554504193	3909.6977077645865
219791.56554504193	3909.6977077645865
219791.56554504193	3909.6977077645865
219791.56554504193	3909.6977077645865
219791.56554504193	3909.6977077645865
219791.56554504193	3909.6977077645865
219791.56554504193	3909.6977077645865
219791.56554504193	3909.6977077645865
219791.56554504193	3909.6977077645865
219791.56554504193	3909.6977077645865
219791.56554504193	3909.6977077645865
219791.56554504193	3909.6977077645865
219791.56554504193	3909.6977077645865
219791.56554504193	3909.6977077645865
219791.56554504193	3909.6977077645865
219791.56554504193	3909.6977077645865
219791.56554504193	3909.6977077645865
219791.56554504193	3909.6977077645865
219791.56554504193	3909.6977077645865
219791.56554504193	3909.6977077645865
219791.56554504193	3909.6977077645865
219791.56554504193	3909.6977077645865
219791.56554504193	3909.6977077645865
219791.56554504193	3909.6977077645865
219791.56554504193	3909.6977077645865
219791.56554504193	3909.6977077645865
219791.56554504193	3909.6977077645865
219791.56554504193	3909.6977077645865
219791.56554504193	3909.6977077645865
219791.56554504193	3909.6977077645865
219791.56554504193	3909.6977077645865
219791.56554504193	3909.6977077645865
219791.56554504193	3909.6977077645865
219791.56554504193	3909.6977077645865
219791.56554504193	3909.6977077645865
219791.56554504193	3909.6977077645865
219791.56554504193	3909.6977077645865
219791.56554504193	3909.6977077645865
219791.56554504193	3909.6977077645865
219791.56554504193	3909.6977077645865
219791.56554504193	3909.6977077645865
219791.56554504193	3909.6977077645865
219791.56554504193	3909.6977077645865
219791.56554504193	3909.6977077645865
219791.56554504193	3909.6977077645865
219791.56554504193	3909.6977077645865
219791.56554504193	3909.6977077645865
219791.56554504193	3909.6977077645865
219791.56554504193	3909.6977077645865
219791.56554504193	3909.6977077645865
toanvd
212114.9082575789	3791.713634323083
212114.9082575789	3791.713634323083
212114.9082575789	3791.713634323083
212114.9082575789	3791.713634323083
212114.9082575789	3791.713634323083
212114.9082575789	3791.713634323083
212114.9082575789	3791.713634323083
212114.9082575789	3791.713634323083
212114.9082575789	3791.713634323083
212114.9082575789	3791.713634323083
207147.24876355322	3890.9165639261155
207147.24876355322	3890.9165639261155
207147.24876355322	3890.9165639261155
207147.24876355322	3890.9165639261155
212034.0951473614	3814.2765831060547
toanvd
218233.77846099067	3698.2576742753045
218233.77846099067	3698.2576742753045
218233.77846099067	3698.2576742753045
218233.77846099067	3698.2576742753045
218233.77846099067	3698.2576742753045
218826.31247932566	3608.8069763974677
214271.41914763188	3857.3295724205145
214271.41914763188	3857.3295724205145
toanvd
215159.52819300102	3660.017665664694
215200.28088737896	3650.6718273901424
213948.14502852812	3907.7377406864402
213948.14502852812	3907.7377406864402
toanvd
210656.2342941932	3831.6526913717103
212183.79411660842	3819.0275262010987
204020.84699599218	4066.5981245733547
204020.84699599218	4066.5981245733547
toanvd
234824.92526636587	3489.0476635040427
233830.2102585187	3590.7345654794576
230666.02834867124	3685.1146348554867
230666.02834867124	3685.1146348554867
230666.02834867124	3685.1146348554867
230666.02834867124	3685.1146348554867
230666.02834867124	3685.1146348554867
230666.02834867124	3685.1146348554867
230666.02834867124	3685.1146348554867
230666.02834867124	3685.1146348554867
230666.02834867124	3685.1146348554867
229622.71868546645	4343.952608605535
232070.3358347527	3671.685613832045
232070.3358347527	3671.685613832045
232070.3358347527	3671.685613832045
225050.3913725025	5313.667065857089
toanvd
215348.90745336798	3714.1783886757817
215348.90745336798	3714.1783886757817
213043.34431704986	3738.9954789922585
213043.34431704986	3738.9954789922585
213043.34431704986	3738.9954789922585
213218.87081084956	3714.759319664695
210990.11263077034	3809.3525043935047
toanvd
221857.9960546077	3836.1519963229553
221857.9960546077	3836.1519963229553
221857.9960546077	3836.1519963229553
220704.15630026784	3899.8977614198957
220704.15630026784	3899.8977614198957
220704.15630026784	3899.8977614198957
toanvd
223145.85672454897	3948.7832563405564
217062.46633140327	3963.218339126533
215290.76147526604	4037.051970866664
215290.76147526604	4037.051970866664
215290.76147526604	4037.051970866664
215290.76147526604	4037.051970866664
215290.76147526604	4037.051970866664
215290.76147526604	4037.051970866664
toanvd
215387.62979438624	3602.574753408632
215387.62979438624	3602.574753408632
215387.62979438624	3602.574753408632
215387.62979438624	3602.574753408632
215387.62979438624	3602.574753408632
215387.62979438624	3602.574753408632
215387.62979438624	3602.574753408632
214777.84209095736	3626.894903972881
214777.84209095736	3626.894903972881
214777.84209095736	3626.894903972881
210380.35384725232	3824.8853877700594
210380.35384725232	3824.8853877700594
210380.35384725232	3824.8853877700594
210380.35384725232	3824.8853877700594
210380.35384725232	3824.8853877700594
toanvd
215537.41799800136	3554.8169642243843
215537.41799800136	3554.8169642243843
212428.13619424604	3617.5088331340185
212428.13619424604	3617.5088331340185
toanvd
214121.48135192136	3522.6002586398163
214121.48135192136	3522.6002586398163
211371.07177276557	3642.4306681699104
214121.48135192136	3522.6002586398163
214121.48135192136	3522.6002586398163
214121.48135192136	3522.6002586398163
210726.88518170622	4673.427025523402
214121.48135192136	3522.6002586398163
210993.18254252253	3660.3610532510224
210993.18254252253	3660.3610532510224
toanvd
213658.03558087608	3872.8158864501165
213658.03558087608	3872.8158864501165
213658.03558087608	3872.8158864501165
213658.03558087608	3872.8158864501165
213658.03558087608	3872.8158864501165
213658.03558087608	3872.8158864501165
213658.03558087608	3872.8158864501165
213658.03558087608	3872.8158864501165
213658.03558087608	3872.8158864501165
213658.03558087608	3872.8158864501165
213658.03558087608	3872.8158864501165
213658.03558087608	3872.8158864501165
213658.03558087608	3872.8158864501165
213658.03558087608	3872.8158864501165
213658.03558087608	3872.8158864501165
213658.03558087608	3872.8158864501165
214275.29783645974	3669.097753799907
213658.03558087608	3872.8158864501165
213658.03558087608	3872.8158864501165
toanvd
204522.24478827947	3674.872493433911
204522.24478827947	3674.872493433911
204522.24478827947	3674.872493433911
204606.38896918145	3670.8500274552785
toanvd
218483.90433190946	4034.339009032471
218483.90433190946	4034.339009032471
218483.90433190946	4034.339009032471
218483.90433190946	4034.339009032471
221809.86994683606	3624.7858733326757
221809.86994683606	3624.7858733326757
toanvd
209867.84247868683	3622.4332764502265
208280.85062524563	3769.6407791874144
205475.34273126398	3909.6977077645865
208280.85062524563	3769.6407791874144
208280.85062524563	3769.6407791874144
208280.85062524563	3769.6407791874144
207677.8791098511	3831.075881101507
208728.14636473855	3718.5430463175094
toanvd
216916.71472590603	3475.8420212102465
215866.38560343353	3489.7195505724935
215866.38560343353	3489.7195505724935
215866.38560343353	3489.7195505724935
215866.38560343353	3489.7195505724935
215866.38560343353	3489.7195505724935
toanvd
201273.00404284018	3678.779763211738
201273.00404284018	3678.779763211738
201273.00404284018	3678.779763211738
205334.4788993798	3558.8042946775213
205334.4788993798	3558.8042946775213
205334.4788993798	3558.8042946775213
205334.4788993798	3558.8042946775213
205334.4788993798	3558.8042946775213
205334.4788993798	3558.8042946775213
205334.4788993798	3558.8042946775213
205334.4788993798	3558.8042946775213
205334.4788993798	3558.8042946775213
205334.4788993798	3558.8042946775213
205334.4788993798	3558.8042946775213
205334.4788993798	3558.8042946775213
205334.4788993798	3558.8042946775213
205334.4788993798	3558.8042946775213
205334.4788993798	3558.8042946775213
205334.4788993798	3558.8042946775213
205334.4788993798	3558.8042946775213
205334.4788993798	3558.8042946775213
205334.4788993798	3558.8042946775213
205334.4788993798	3558.8042946775213
205334.4788993798	3558.8042946775213
205334.4788993798	3558.8042946775213
205334.4788993798	3558.8042946775213
205334.4788993798	3558.8042946775213
205334.4788993798	3558.8042946775213
205334.4788993798	3558.8042946775213
toanvd
215022.5462349204	3828.9570657759805
217283.69816150586	3711.2670497930967
217283.69816150586	3711.2670497930967
217283.69816150586	3711.2670497930967
217283.69816150586	3711.2670497930967
217283.69816150586	3711.2670497930967
217283.69816150586	3711.2670497930967
217283.69816150586	3711.2670497930967
217283.69816150586	3711.2670497930967
217283.69816150586	3711.2670497930967
217283.69816150586	3711.2670497930967
217283.69816150586	3711.2670497930967
217283.69816150586	3711.2670497930967
217283.69816150586	3711.2670497930967
217283.69816150586	3711.2670497930967
217283.69816150586	3711.2670497930967
217283.69816150586	3711.2670497930967
217283.69816150586	3711.2670497930967
217283.69816150586	3711.2670497930967
217283.69816150586	3711.2670497930967
217283.69816150586	3711.2670497930967
217283.69816150586	3711.2670497930967
217283.69816150586	3711.2670497930967
217283.69816150586	3711.2670497930967
217283.69816150586	3711.2670497930967
217283.69816150586	3711.2670497930967
217283.69816150586	3711.2670497930967
217283.69816150586	3711.2670497930967
217283.69816150586	3711.2670497930967
217283.69816150586	3711.2670497930967
217283.69816150586	3711.2670497930967
217283.69816150586	3711.2670497930967
217283.69816150586	3711.2670497930967
217283.69816150586	3711.2670497930967
217283.69816150586	3711.2670497930967
217283.69816150586	3711.2670497930967
217283.69816150586	3711.2670497930967
217283.69816150586	3711.2670497930967
217283.69816150586	3711.2670497930967
217283.69816150586	3711.2670497930967
217283.69816150586	3711.2670497930967
217283.69816150586	3711.2670497930967
217283.69816150586	3711.2670497930967
217283.69816150586	3711.2670497930967
217283.69816150586	3711.2670497930967
217283.69816150586	3711.2670497930967
217283.69816150586	3711.2670497930967
217283.69816150586	3711.2670497930967
217283.69816150586	3711.2670497930967
217283.69816150586	3711.2670497930967
217283.69816150586	3711.2670497930967
217283.69816150586	3711.2670497930967
217283.69816150586	3711.2670497930967
217283.69816150586	3711.2670497930967
217283.69816150586	3711.2670497930967
217283.69816150586	3711.2670497930967
217283.69816150586	3711.2670497930967
217283.69816150586	3711.2670497930967
toanvd
210079.91560817853	3888.5326822059537
210562.72483316806	3540.830100866766
toanvd
213428.39903510854	3521.087190254048
218668.23792010843	3502.535565038496
toanvd
239911.7598890463	3645.9285585343723
239911.7598890463	3645.9285585343723
222857.84136295077	4030.722953067026
227602.49445472538	3704.1904176258736
210634.0101187189	4221.438655313003
toanvd
210546.15085919955	3654.24607735778
210546.15085919955	3654.24607735778
209647.49760165342	3929.459267007106
toanvd
204976.74312779037	3883.4140565528983
toanvd
199500.59106557377	3669.097753799907
toanvd
211899.8520879895	4145.363690036684
209868.8929796385	4233.602222956905
209868.8929796385	4233.602222956905
217108.0704121042	3718.723346591852
217108.0704121042	3718.723346591852
217108.0704121042	3718.723346591852
217108.0704121042	3718.723346591852
217108.0704121042	3718.723346591852
217108.0704121042	3718.723346591852
217108.0704121042	3718.723346591852
217635.3822895772	3516.5937904661987
toanvd
205342.47553272426	3764.6715392101996
205342.47553272426	3764.6715392101996
205342.47553272426	3764.6715392101996
205342.47553272426	3764.6715392101996
205342.47553272426	3764.6715392101996
205836.25396846764	3750.02742050867
199673.87447958245	4017.3001490870415
toanvd
210217.43335141338	3670.400543795713
210217.43335141338	3670.400543795713
210217.43335141338	3670.400543795713
210217.43335141338	3670.400543795713
212913.3191498983	3601.58277146027
212913.3191498983	3601.58277146027
210217.43335141338	3670.400543795713
210217.43335141338	3670.400543795713
210217.43335141338	3670.400543795713
210217.43335141338	3670.400543795713
212913.3191498983	3601.58277146027
210217.43335141338	3670.400543795713
210217.43335141338	3670.400543795713
210217.43335141338	3670.400543795713
toanvd
207542.05853284337	3898.458194400562
204870.97498929355	3900.6040845694833
toanvd
206580.50830489743	3684.3665272820317
206580.50830489743	3684.3665272820317
206580.50830489743	3684.3665272820317
toanvd
214779.6180766896	3901.0514300065493
toanvd
219127.7501786504	3971.525908860143
219127.7501786504	3971.525908860143
toanvd
214878.45065601106	3908.5871786326866
toanvd
186544.20207411732	3791.342120357028
186544.20207411732	3791.342120357028
183081.4735125191	3799.8082425184184
toanvd
209622.40038618198	3681.1558201076273
207648.37748798146	3685.0621119422167
207648.37748798146	3685.0621119422167
207648.37748798146	3685.0621119422167
207648.37748798146	3685.0621119422167
207648.37748798146	3685.0621119422167
207648.37748798146	3685.0621119422167
207648.37748798146	3685.0621119422167
207648.37748798146	3685.0621119422167
207648.37748798146	3685.0621119422167
toanvd
210755.07773559177	3908.2812812548973
210755.07773559177	3908.2812812548973
210755.07773559177	3908.2812812548973
218397.04522958625	3823.267944853915
toanvd
232801.35595393038	3667.839429814296
229570.18876292082	4057.3209783276625
229570.18876292082	4057.3209783276625
toanvd
216808.49871198458	4025.1371372101344
toanvd
207509.97613116505	3755.570830334076
207509.97613116505	3755.570830334076
207509.97613116505	3755.570830334076
toanvd
221236.2413504882	4428.804142646241
221236.2413504882	4428.804142646241
221236.2413504882	4428.804142646241
221236.2413504882	4428.804142646241
221236.2413504882	4428.804142646241
221236.2413504882	4428.804142646241
223272.14361849343	3657.88163609665
223272.14361849343	3657.88163609665
223272.14361849343	3657.88163609665
223272.14361849343	3657.88163609665
223272.14361849343	3657.88163609665
223272.14361849343	3657.88163609665
223272.14361849343	3657.88163609665
223272.14361849343	3657.88163609665
223272.14361849343	3657.88163609665
223272.14361849343	3657.88163609665
toanvd
218582.51425247916	3275.038516613121
218582.51425247916	3275.038516613121
215775.07197323313	3646.57684734381
218582.51425247916	3275.038516613121
217695.9141941623	3306.7332236320526
217695.9141941623	3306.7332236320526
217695.9141941623	3306.7332236320526
217695.9141941623	3306.7332236320526
217695.9141941623	3306.7332236320526
217695.9141941623	3306.7332236320526
217695.9141941623	3306.7332236320526
217695.9141941623	3306.7332236320526
217695.9141941623	3306.7332236320526
217695.9141941623	3306.7332236320526
217695.9141941623	3306.7332236320526
217695.9141941623	3306.7332236320526
217695.9141941623	3306.7332236320526
217695.9141941623	3306.7332236320526
217695.9141941623	3306.7332236320526
217695.9141941623	3306.7332236320526
217268.21217377158	3621.1187101498676
217268.21217377158	3621.1187101498676
217268.21217377158	3621.1187101498676
217268.21217377158	3621.1187101498676
217268.21217377158	3621.1187101498676
217268.21217377158	3621.1187101498676
217268.21217377158	3621.1187101498676
217268.21217377158	3621.1187101498676
215208.59271104704	4080.3134707064796
215208.59271104704	4080.3134707064796
215208.59271104704	4080.3134707064796
215208.59271104704	4080.3134707064796
215208.59271104704	4080.3134707064796
215208.59271104704	4080.3134707064796
215208.59271104704	4080.3134707064796
toanvd
212378.89281505017	3799.252346620709
212378.89281505017	3799.252346620709
212378.89281505017	3799.252346620709
212562.51165869492	3672.6815268638757
toanvd
198872.5596485885	3623.1202971068888
198872.5596485885	3623.1202971068888
196000.63608602138	3826.846354186709
196000.63608602138	3826.846354186709
196000.63608602138	3826.846354186709
toanvd
214327.9428087068	3565.9755333834228
214327.9428087068	3565.9755333834228
214327.9428087068	3565.9755333834228
212907.85586724922	3616.5657573437547
toanvd
211377.97643146527	3565.8101436922334
211377.97643146527	3565.8101436922334
toanvd
226979.27689804003	3831.882954523226
toanvd
194918.4898192238	3873.490538700522
194918.4898192238	3873.490538700522
194918.4898192238	3873.490538700522
194918.4898192238	3873.490538700522
194918.4898192238	3873.490538700522
194918.4898192238	3873.490538700522
194918.4898192238	3873.490538700522
194918.4898192238	3873.490538700522
194918.4898192238	3873.490538700522
194918.4898192238	3873.490538700522
194918.4898192238	3873.490538700522
194918.4898192238	3873.490538700522
194918.4898192238	3873.490538700522
194918.4898192238	3873.490538700522
194918.4898192238	3873.490538700522
194918.4898192238	3873.490538700522
194918.4898192238	3873.490538700522
191736.14522085412	3916.795106302149
191574.39739623835	4084.569631832891
191574.39739623835	4084.569631832891
191574.39739623835	4084.569631832891
toanvd
223202.02675782773	3702.415998457142
213304.5845507158	3703.7047751108116
213304.5845507158	3703.7047751108116
211533.84677066992	3980.833421754172
toanvd
226130.29438749948	4284.585752853049
227370.35023848998	4248.0852677979565
227370.35023848998	4248.0852677979565
227370.35023848998	4248.0852677979565
227370.35023848998	4248.0852677979565
227370.35023848998	4248.0852677979565
227370.35023848998	4248.0852677979565
227370.35023848998	4248.0852677979565
227370.35023848998	4248.0852677979565
227370.35023848998	4248.0852677979565
230993.74192797235	3870.5395254525324
230993.74192797235	3870.5395254525324
toanvd
229562.86453193333	4037.3726352132026
225236.96572963698	4043.3066153692293
243564.7563874023	3695.4532117671906
243564.7563874023	3695.4532117671906
243564.7563874023	3695.4532117671906
243564.7563874023	3695.4532117671906
243564.7563874023	3695.4532117671906
243564.7563874023	3695.4532117671906
243564.7563874023	3695.4532117671906
243564.7563874023	3695.4532117671906
243564.7563874023	3695.4532117671906
243564.7563874023	3695.4532117671906
243564.7563874023	3695.4532117671906
243564.7563874023	3695.4532117671906
238944.77792891965	3738.9954789922585
238944.77792891965	3738.9954789922585
toanvd
215090.0388814012	3737.971813595291
214586.4448642378	4175.541769380461
toanvd
223562.9500684737	3714.1783886757817
toanvd
206966.34970011355	3659.7310747281695
206966.34970011355	3659.7310747281695
206966.34970011355	3659.7310747281695
206966.34970011355	3659.7310747281695
206966.34970011355	3659.7310747281695
206966.34970011355	3659.7310747281695
206966.34970011355	3659.7310747281695
toanvd
224560.00807360653	3350.9088373313903
225014.31091376557	3226.750904242463
224560.00807360653	3350.9088373313903
225014.31091376557	3226.750904242463
224560.00807360653	3350.9088373313903
224560.00807360653	3350.9088373313903
224560.00807360653	3350.9088373313903
toanvd
185186.89568021413	3868.857919609124
185186.89568021413	3868.857919609124
185186.89568021413	3868.857919609124
186995.09380819535	3824.5919520093266
toanvd
215566.26138039195	3569.79148823027
213540.64632475268	3628.3108988129825
213540.64632475268	3628.3108988129825
213540.64632475268	3628.3108988129825
213540.64632475268	3628.3108988129825
toanvd
232138.87287151214	4096.238124095198
232138.87287151214	4096.238124095198
232138.87287151214	4096.238124095198
232138.87287151214	4096.238124095198
221478.22642654483	4223.315671669696
232138.87287151214	4096.238124095198
232138.87287151214	4096.238124095198
232138.87287151214	4096.238124095198
232138.87287151214	4096.238124095198
232138.87287151214	4096.238124095198
232138.87287151214	4096.238124095198
232138.87287151214	4096.238124095198
232138.87287151214	4096.238124095198
232408.47947768512	3993.9680555819486
toanvd
214830.3285186941	3519.571065703021
215037.52181073162	3362.7358318443003
215037.52181073162	3362.7358318443003
toanvd
222723.0986597589	3611.5709809156456
toanvd
224922.69925824294	3625.8824631561333
207666.4992413979	3732.376013735479
207666.4992413979	3732.376013735479
toanvd
195961.6854268353	3916.795106302149
195961.6854268353	3916.795106302149
201276.30437612085	3691.201503023403
201276.30437612085	3691.201503023403
201276.30437612085	3691.201503023403
201276.30437612085	3691.201503023403
toanvd
209172.46961249216	3396.775010827929
202065.8413606905	3664.5613838175236
209172.46961249216	3396.775010827929
toanvd
211730.65100141562	3754.313154355367
201524.59246415025	4014.279121256255
201524.59246415025	4014.279121256255
toanvd
214320.2981311834	3445.893366143593
210514.9368895581	3773.829465434443
214320.2981311834	3445.893366143593
toanvd
212798.45201192136	3766.161594438878
212798.45201192136	3766.161594438878
212798.45201192136	3766.161594438878
212798.45201192136	3766.161594438878
212798.45201192136	3766.161594438878
212798.45201192136	3766.161594438878
212798.45201192136	3766.161594438878
212798.45201192136	3766.161594438878
212798.45201192136	3766.161594438878
212798.45201192136	3766.161594438878
212798.45201192136	3766.161594438878
212798.45201192136	3766.161594438878
212798.45201192136	3766.161594438878
212798.45201192136	3766.161594438878
210259.3750522247	4038.9767634226732
212798.45201192136	3766.161594438878
218156.5947745782	3661.5757046965
218156.5947745782	3661.5757046965
212798.45201192136	3766.161594438878
212798.45201192136	3766.161594438878
212798.45201192136	3766.161594438878
212798.45201192136	3766.161594438878
212798.45201192136	3766.161594438878
212798.45201192136	3766.161594438878
toanvd
202310.70208587026	3946.648380060803
202310.70208587026	3946.648380060803
204097.2275600116	3620.00021038894
202735.1319093253	3696.58940954621
202735.1319093253	3696.58940954621
toanvd
209240.2356987427	3358.514670574522
209240.2356987427	3358.514670574522
209240.2356987427	3358.514670574522
209240.2356987427	3358.514670574522
205689.84918894974	3429.0834733173824
205689.84918894974	3429.0834733173824
205689.84918894974	3429.0834733173824
205689.84918894974	3429.0834733173824
205689.84918894974	3429.0834733173824
205689.84918894974	3429.0834733173824
205689.84918894974	3429.0834733173824
205689.84918894974	3429.0834733173824
205689.84918894974	3429.0834733173824
205689.84918894974	3429.0834733173824
205689.84918894974	3429.0834733173824
toanvd
222070.49256721511	3723.290314761786
222070.49256721511	3723.290314761786
222070.49256721511	3723.290314761786
219884.47763901966	3766.131990068379
toanvd
210110.09773869274	3897.1778646084013
toanvd
216369.0094810316	3624.7858733326757
toanvd
202928.34694364222	3930.757312115805
203726.45367470806	3607.1388456401696
203726.45367470806	3607.1388456401696
203726.45367470806	3607.1388456401696
203726.45367470806	3607.1388456401696
203726.45367470806	3607.1388456401696
203726.45367470806	3607.1388456401696
203726.45367470806	3607.1388456401696
203726.45367470806	3607.1388456401696
203726.45367470806	3607.1388456401696
203726.45367470806	3607.1388456401696
203726.45367470806	3607.1388456401696
203726.45367470806	3607.1388456401696
203726.45367470806	3607.1388456401696
203726.45367470806	3607.1388456401696
203726.45367470806	3607.1388456401696
203726.45367470806	3607.1388456401696
203726.45367470806	3607.1388456401696
toanvd
210440.0096764721	3930.9251432821425
209307.8849981876	3948.7832563405564
209307.8849981876	3948.7832563405564
209307.8849981876	3948.7832563405564
209307.8849981876	3948.7832563405564
209307.8849981876	3948.7832563405564
210539.7515417759	3904.2016079669706
207524.84028040516	4058.884087542758
207524.84028040516	4058.884087542758
toanvd
213257.29550630643	3458.1421268284826
213257.29550630643	3458.1421268284826
213257.29550630643	3458.1421268284826
215751.86320532396	3430.8342619421037
213257.29550630643	3458.1421268284826
209908.79212182664	3555.501050400006
209908.79212182664	3555.501050400006
209908.79212182664	3555.501050400006
toanvd
214827.28873572577	3639.450485943539
214732.8731998086	3725.80061977442
214732.8731998086	3725.80061977442
214732.8731998086	3725.80061977442
214732.8731998086	3725.80061977442
214732.8731998086	3725.80061977442
214732.8731998086	3725.80061977442
214732.8731998086	3725.80061977442
toanvd
198743.04275047567	3412.1840554630603
toanvd
224518.49666072713	4144.904471688429
221946.2899710623	4187.786643823565
218172.18678514648	4645.800636884066
224518.49666072713	4144.904471688429
218172.18678514648	4645.800636884066
218765.16556541293	4290.0021064672555
218338.7231068981	4508.928232895043
toanvd
208208.68954465265	3392.174084439561
208891.39169198184	3389.0295415158153
211456.50120816517	3374.4186979336514
211456.50120816517	3374.4186979336514
211456.50120816517	3374.4186979336514
211456.50120816517	3374.4186979336514
toanvd
221061.13565867592	3756.368989031945
220839.17137807456	3859.3425012552216
220839.17137807456	3859.3425012552216
toanvd
207477.58669725436	3594.8755245376233
toanvd
208258.1839285826	3616.132449788604
208258.1839285826	3616.132449788604
208258.1839285826	3616.132449788604
208258.1839285826	3616.132449788604
208258.1839285826	3616.132449788604
208258.1839285826	3616.132449788604
208258.1839285826	3616.132449788604
208258.1839285826	3616.132449788604
208258.1839285826	3616.132449788604
208258.1839285826	3616.132449788604
208258.1839285826	3616.132449788604
208258.1839285826	3616.132449788604
208258.1839285826	3616.132449788604
208258.1839285826	3616.132449788604
208258.1839285826	3616.132449788604
208258.1839285826	3616.132449788604
toanvd
208121.4337701328	3627.2882714079433
toanvd
210243.00363112072	3657.9315276587145
210243.00363112072	3657.9315276587145
208798.50588469233	3669.097753799907
208150.90337099647	3711.2670497930967
208150.90337099647	3711.2670497930967
208150.90337099647	3711.2670497930967
208150.90337099647	3711.2670497930967
208150.90337099647	3711.2670497930967
208150.90337099647	3711.2670497930967
208150.90337099647	3711.2670497930967
208150.90337099647	3711.2670497930967
206759.96320884812	4056.7821438778474
206759.96320884812	4056.7821438778474
206759.96320884812	4056.7821438778474
206759.96320884812	4056.7821438778474
206759.96320884812	4056.7821438778474
206759.96320884812	4056.7821438778474
206759.96320884812	4056.7821438778474
206759.96320884812	4056.7821438778474
206759.96320884812	4056.7821438778474
206759.96320884812	4056.7821438778474
206759.96320884812	4056.7821438778474
toanvd
214562.84880147869	3620.00021038894
214562.84880147869	3620.00021038894
toanvd
227320.90596740227	3653.18535589702
227320.90596740227	3653.18535589702
227320.90596740227	3653.18535589702
227320.90596740227	3653.18535589702
toanvd
206009.96893263012	3807.511349776062
205923.33682405212	3866.514386586267
205923.33682405212	3866.514386586267
toanvd
216418.48840702654	3549.2381384255145
216418.48840702654	3549.2381384255145
216418.48840702654	3549.2381384255145
216418.48840702654	3549.2381384255145
216418.48840702654	3549.2381384255145
216418.48840702654	3549.2381384255145
216418.48840702654	3549.2381384255145
214668.7552582627	3667.839429814296
toanvd
206673.73822138202	3429.7481152254168
toanvd
241128.7893387727	3816.8585118510136
230985.41025834432	3851.8651876611348
226019.02224254812	4021.797411189418
226019.02224254812	4021.797411189418
toanvd
211468.72160802342	3714.759319664695
toanvd
186405.39084318987	3522.6002586398163
186405.39084318987	3522.6002586398163
186405.39084318987	3522.6002586398163
186405.39084318987	3522.6002586398163
185590.29255692736	3952.026519597289
185590.29255692736	3952.026519597289
185590.29255692736	3952.026519597289
185590.29255692736	3952.026519597289
185590.29255692736	3952.026519597289
185590.29255692736	3952.026519597289
185590.29255692736	3952.026519597289
toanvd
215362.66870100424	3557.6939277157917
212079.950251921	3569.383242174451
toanvd
223526.72127544048	3600.2172956612258
221036.55226149294	3710.5359691308918
223526.72127544048	3600.2172956612258
220351.75231029547	3728.991929582169
220351.75231029547	3728.991929582169
223526.72127544048	3600.2172956612258
219175.16857465642	4037.222783382123
220101.00370755844	3810.4868140696417
toanvd
217809.75432044227	3714.1783886757817
209135.97630734704	4222.625248109626
209135.97630734704	4222.625248109626
209135.97630734704	4222.625248109626
209135.97630734704	4222.625248109626
209135.97630734704	4222.625248109626
209135.97630734704	4222.625248109626
209135.97630734704	4222.625248109626
209135.97630734704	4222.625248109626
209135.97630734704	4222.625248109626
209135.97630734704	4222.625248109626
209135.97630734704	4222.625248109626
toanvd
209023.21605628915	3611.8349491477193
209023.21605628915	3611.8349491477193
209023.21605628915	3611.8349491477193
209023.21605628915	3611.8349491477193
209023.21605628915	3611.8349491477193
209023.21605628915	3611.8349491477193
209023.21605628915	3611.8349491477193
209023.21605628915	3611.8349491477193
toanvd
263495.2985536903	3948.844899338929
242610.95405926023	4059.9204042283745
248607.84993010317	3987.9687765236495
242610.95405926023	4059.9204042283745
242610.95405926023	4059.9204042283745
242610.95405926023	4059.9204042283745
242610.95405926023	4059.9204042283745
242610.95405926023	4059.9204042283745
242610.95405926023	4059.9204042283745
242610.95405926023	4059.9204042283745
242610.95405926023	4059.9204042283745
242610.95405926023	4059.9204042283745
242610.95405926023	4059.9204042283745
242610.95405926023	4059.9204042283745
242610.95405926023	4059.9204042283745
242610.95405926023	4059.9204042283745
242610.95405926023	4059.9204042283745
242610.95405926023	4059.9204042283745
242610.95405926023	4059.9204042283745
242610.95405926023	4059.9204042283745
242610.95405926023	4059.9204042283745
242610.95405926023	4059.9204042283745
242610.95405926023	4059.9204042283745
242610.95405926023	4059.9204042283745
242610.95405926023	4059.9204042283745
263495.2985536903	3948.844899338929
242610.95405926023	4059.9204042283745
242610.95405926023	4059.9204042283745
242610.95405926023	4059.9204042283745
242610.95405926023	4059.9204042283745
242610.95405926023	4059.9204042283745
231923.50658470803	4063.676988897424
219338.2873052469	4416.497313162789
219338.2873052469	4416.497313162789
219338.2873052469	4416.497313162789
219338.2873052469	4416.497313162789
219338.2873052469	4416.497313162789
219338.2873052469	4416.497313162789
toanvd
215679.52478511017	4030.722953067026
toanvd
198044.51236469645	3334.356531089222
toanvd
207195.22895466353	3623.1202971068888
toanvd
210641.21124116358	3696.9115242538583
toanvd
216451.354557383	3930.701886153466
218914.35046355904	3909.9125805591834
toanvd
227638.78660181543	3629.0631710361254
216923.2520910393	3746.8015798754595
216923.2520910393	3746.8015798754595
217177.73990689582	3647.333348669203
217177.73990689582	3647.333348669203
toanvd
198390.03964386944	3714.957433007609
198390.03964386944	3714.957433007609
toanvd
220968.3939987985	3971.525908860143
220968.3939987985	3971.525908860143
220968.3939987985	3971.525908860143
220968.3939987985	3971.525908860143
220968.3939987985	3971.525908860143
220968.3939987985	3971.525908860143
220968.3939987985	3971.525908860143
219699.9548772454	4499.973774640151
toanvd
215482.85669172835	3489.7195505724935
215482.85669172835	3489.7195505724935
215482.85669172835	3489.7195505724935
215482.85669172835	3489.7195505724935
211162.56504173705	3627.2565712370792
209266.68907227585	3646.809195697462
212773.36679064308	3593.596883890841
212773.36679064308	3593.596883890841
212773.36679064308	3593.596883890841
212773.36679064308	3593.596883890841
212773.36679064308	3593.596883890841
212773.36679064308	3593.596883890841
212773.36679064308	3593.596883890841
toanvd
214846.12350540567	3702.415998457142
215635.76634103947	3576.976615260279
215635.76634103947	3576.976615260279
toanvd
209130.85723604137	3627.2565712370792
209130.85723604137	3627.2565712370792
209130.85723604137	3627.2565712370792
209130.85723604137	3627.2565712370792
209130.85723604137	3627.2565712370792
213144.37416714363	3536.3988112216234
209130.85723604137	3627.2565712370792
209130.85723604137	3627.2565712370792
209130.85723604137	3627.2565712370792
209130.85723604137	3627.2565712370792
213144.37416714363	3536.3988112216234
209130.85723604137	3627.2565712370792
209130.85723604137	3627.2565712370792
210737.1322585829	3553.634773753838
210737.1322585829	3553.634773753838
209130.85723604137	3627.2565712370792
209130.85723604137	3627.2565712370792
toanvd
222004.4095855853	4174.909844598959
227385.51641255402	4087.745353953472
227385.51641255402	4087.745353953472
227654.4775743906	3704.1904176258736
222004.4095855853	4174.909844598959
227654.4775743906	3704.1904176258736
227385.51641255402	4087.745353953472
227385.51641255402	4087.745353953472
227654.4775743906	3704.1904176258736
227654.4775743906	3704.1904176258736
227385.51641255402	4087.745353953472
227385.51641255402	4087.745353953472
toanvd
215682.19468725167	3887.646687432154
215682.19468725167	3887.646687432154
215682.19468725167	3887.646687432154
215682.19468725167	3887.646687432154
215682.19468725167	3887.646687432154
215682.19468725167	3887.646687432154
215682.19468725167	3887.646687432154
215682.19468725167	3887.646687432154
215682.19468725167	3887.646687432154
215682.19468725167	3887.646687432154
215682.19468725167	3887.646687432154
215682.19468725167	3887.646687432154
215682.19468725167	3887.646687432154
215682.19468725167	3887.646687432154
215682.19468725167	3887.646687432154
215682.19468725167	3887.646687432154
215682.19468725167	3887.646687432154
215682.19468725167	3887.646687432154
215682.19468725167	3887.646687432154
215682.19468725167	3887.646687432154
215682.19468725167	3887.646687432154
215682.19468725167	3887.646687432154
215682.19468725167	3887.646687432154
215682.19468725167	3887.646687432154
215682.19468725167	3887.646687432154
215682.19468725167	3887.646687432154
215682.19468725167	3887.646687432154
215682.19468725167	3887.646687432154
215682.19468725167	3887.646687432154
215682.19468725167	3887.646687432154
215682.19468725167	3887.646687432154
215682.19468725167	3887.646687432154
215682.19468725167	3887.646687432154
215682.19468725167	3887.646687432154
215682.19468725167	3887.646687432154
215682.19468725167	3887.646687432154
215682.19468725167	3887.646687432154
215682.19468725167	3887.646687432154
215682.19468725167	3887.646687432154
215682.19468725167	3887.646687432154
215682.19468725167	3887.646687432154
215682.19468725167	3887.646687432154
215682.19468725167	3887.646687432154
215682.19468725167	3887.646687432154
215682.19468725167	3887.646687432154
215682.19468725167	3887.646687432154
215682.19468725167	3887.646687432154
215682.19468725167	3887.646687432154
215682.19468725167	3887.646687432154
215682.19468725167	3887.646687432154
215682.19468725167	3887.646687432154
215682.19468725167	3887.646687432154
215682.19468725167	3887.646687432154
215682.19468725167	3887.646687432154
215682.19468725167	3887.646687432154
215682.19468725167	3887.646687432154
215682.19468725167	3887.646687432154
215682.19468725167	3887.646687432154
215682.19468725167	3887.646687432154
215682.19468725167	3887.646687432154
215682.19468725167	3887.646687432154
215682.19468725167	3887.646687432154
215682.19468725167	3887.646687432154
215682.19468725167	3887.646687432154
215682.19468725167	3887.646687432154
215682.19468725167	3887.646687432154
217108.6594902017	3638.6977691462034
toanvd
217064.43427668506	3332.5459601274947
216809.83034696287	3380.912994488505
toanvd
205109.75482735338	3653.18535589702
205109.75482735338	3653.18535589702
205109.75482735338	3653.18535589702
toanvd
190805.21960984272	4019.014480936974
193915.97609706374	3632.7566124158416
190805.21960984272	4019.014480936974
190805.21960984272	4019.014480936974
193915.97609706374	3632.7566124158416
190805.21960984272	4019.014480936974
190805.21960984272	4019.014480936974
190805.21960984272	4019.014480936974
193915.97609706374	3632.7566124158416
toanvd
217799.72815762533	4207.507937887838
217799.72815762533	4207.507937887838
217799.72815762533	4207.507937887838
229248.95915917394	3909.6977077645865
217799.72815762533	4207.507937887838
217799.72815762533	4207.507937887838
toanvd
203864.08451981473	3640.195435320508
toanvd
208999.27625316582	4768.183910327603
208999.27625316582	4768.183910327603
208999.27625316582	4768.183910327603
208999.27625316582	4768.183910327603
208999.27625316582	4768.183910327603
217713.74587670344	3831.6526913717103
217713.74587670344	3831.6526913717103
toanvd
205571.52451998342	3600.7665317251062
204607.65560704275	3667.035466380239
204607.65560704275	3667.035466380239
204607.65560704275	3667.035466380239
204607.65560704275	3667.035466380239
toanvd
236267.51771479982	3704.637080553407
222593.04109128777	4034.339009032471
222593.04109128777	4034.339009032471
222593.04109128777	4034.339009032471
222593.04109128777	4034.339009032471
222593.04109128777	4034.339009032471
222593.04109128777	4034.339009032471
222593.04109128777	4034.339009032471
222593.04109128777	4034.339009032471
222593.04109128777	4034.339009032471
222593.04109128777	4034.339009032471
222593.04109128777	4034.339009032471
222593.04109128777	4034.339009032471
222593.04109128777	4034.339009032471
222593.04109128777	4034.339009032471
222593.04109128777	4034.339009032471
222593.04109128777	4034.339009032471
222593.04109128777	4034.339009032471
222593.04109128777	4034.339009032471
222593.04109128777	4034.339009032471
222593.04109128777	4034.339009032471
222593.04109128777	4034.339009032471
222593.04109128777	4034.339009032471
222593.04109128777	4034.339009032471
222593.04109128777	4034.339009032471
222593.04109128777	4034.339009032471
222593.04109128777	4034.339009032471
222593.04109128777	4034.339009032471
222593.04109128777	4034.339009032471
222593.04109128777	4034.339009032471
222593.04109128777	4034.339009032471
222593.04109128777	4034.339009032471
222593.04109128777	4034.339009032471
222593.04109128777	4034.339009032471
222593.04109128777	4034.339009032471
222593.04109128777	4034.339009032471
222593.04109128777	4034.339009032471
222593.04109128777	4034.339009032471
222593.04109128777	4034.339009032471
222593.04109128777	4034.339009032471
222593.04109128777	4034.339009032471
222593.04109128777	4034.339009032471
222593.04109128777	4034.339009032471
222593.04109128777	4034.339009032471
222593.04109128777	4034.339009032471
222593.04109128777	4034.339009032471
222593.04109128777	4034.339009032471
222593.04109128777	4034.339009032471
222593.04109128777	4034.339009032471
222593.04109128777	4034.339009032471
222593.04109128777	4034.339009032471
222593.04109128777	4034.339009032471
222593.04109128777	4034.339009032471
222593.04109128777	4034.339009032471
222593.04109128777	4034.339009032471
222593.04109128777	4034.339009032471
222593.04109128777	4034.339009032471
222593.04109128777	4034.339009032471
222593.04109128777	4034.339009032471
222593.04109128777	4034.339009032471
222593.04109128777	4034.339009032471
222593.04109128777	4034.339009032471
222593.04109128777	4034.339009032471
222593.04109128777	4034.339009032471
222593.04109128777	4034.339009032471
222593.04109128777	4034.339009032471
222593.04109128777	4034.339009032471
222593.04109128777	4034.339009032471
222593.04109128777	4034.339009032471
222593.04109128777	4034.339009032471
222593.04109128777	4034.339009032471
222593.04109128777	4034.339009032471
222593.04109128777	4034.339009032471
222593.04109128777	4034.339009032471
222593.04109128777	4034.339009032471
222593.04109128777	4034.339009032471
233955.09676243065	3831.2087571657476
toanvd
225329.93845603825	3555.668533781268
toanvd
229900.1119363056	3407.8628638415466
229900.1119363056	3407.8628638415466
229900.1119363056	3407.8628638415466
229900.1119363056	3407.8628638415466
229900.1119363056	3407.8628638415466
229900.1119363056	3407.8628638415466
229900.1119363056	3407.8628638415466
229900.1119363056	3407.8628638415466
229900.1119363056	3407.8628638415466
229900.1119363056	3407.8628638415466
229900.1119363056	3407.8628638415466
229900.1119363056	3407.8628638415466
229900.1119363056	3407.8628638415466
229900.1119363056	3407.8628638415466
229900.1119363056	3407.8628638415466
229900.1119363056	3407.8628638415466
229900.1119363056	3407.8628638415466
229900.1119363056	3407.8628638415466
229900.1119363056	3407.8628638415466
229900.1119363056	3407.8628638415466
229900.1119363056	3407.8628638415466
229900.1119363056	3407.8628638415466
229900.1119363056	3407.8628638415466
229900.1119363056	3407.8628638415466
229900.1119363056	3407.8628638415466
229900.1119363056	3407.8628638415466
229900.1119363056	3407.8628638415466
229900.1119363056	3407.8628638415466
229900.1119363056	3407.8628638415466
229900.1119363056	3407.8628638415466
229900.1119363056	3407.8628638415466
229900.1119363056	3407.8628638415466
229900.1119363056	3407.8628638415466
228998.27467768567	3410.2032593189188
229900.1119363056	3407.8628638415466
229900.1119363056	3407.8628638415466
229900.1119363056	3407.8628638415466
229900.1119363056	3407.8628638415466
229900.1119363056	3407.8628638415466
229900.1119363056	3407.8628638415466
229900.1119363056	3407.8628638415466
229900.1119363056	3407.8628638415466
229900.1119363056	3407.8628638415466
229900.1119363056	3407.8628638415466
229900.1119363056	3407.8628638415466
229900.1119363056	3407.8628638415466
228047.38213379006	3522.387051409857
218366.60851420433	3667.10895536773
toanvd
224416.23322416202	3475.8244277183244
220105.407580046	3566.617299784033
toanvd
209540.29020840552	3500.20141485953
209540.29020840552	3500.20141485953
209540.29020840552	3500.20141485953
208691.78714895254	3647.333348669203
208691.78714895254	3647.333348669203
toanvd
219955.82629581948	4014.601179474486
222868.92424911066	3825.870002912207
255426.7576552402	3759.803306659372
255426.7576552402	3759.803306659372
255426.7576552402	3759.803306659372
217578.85348958324	4050.729725189767
217578.85348958324	4050.729725189767
217578.85348958324	4050.729725189767
toanvd
214061.73044771576	3522.6002586398163
213760.79269955162	3535.6047001522616
toanvd
220426.3596629062	3805.709507325853
toanvd
197977.49908543317	3550.9757660584078
194970.4051104067	3649.762194425344
194970.4051104067	3649.762194425344
toanvd
235287.34914562863	3657.5777097203054
235287.34914562863	3657.5777097203054
235287.34914562863	3657.5777097203054
235287.34914562863	3657.5777097203054
235287.34914562863	3657.5777097203054
235287.34914562863	3657.5777097203054
235287.34914562863	3657.5777097203054
200664.7967394145	3711.3893903603253
toanvd
214242.80228776985	3826.846354186709
214242.80228776985	3826.846354186709
214242.80228776985	3826.846354186709
214242.80228776985	3826.846354186709
214242.80228776985	3826.846354186709
214242.80228776985	3826.846354186709
toanvd
214015.03790067538	3564.128800570115
214015.03790067538	3564.128800570115
211531.15877552665	3622.542448314808
toanvd
187796.59022518573	3627.9420293937796
187796.59022518573	3627.9420293937796
191799.77302126918	3326.125332634442
toanvd
201091.6571235861	3602.574753408632
toanvd
212000.5320507185	3390.363271261387
212000.5320507185	3390.363271261387
toanvd
204395.35161129307	3486.058425059411
toanvd
208133.0018246082	3502.907648332605
209779.54613200328	3489.7195505724935
209779.54613200328	3489.7195505724935
toanvd
210732.32108975193	3593.596883890841
212215.83905933666	3538.9742852468594
toanvd
208418.74733378773	3623.1202971068888
208418.74733378773	3623.1202971068888
toanvd
204393.91069425058	3308.6492927117074
204393.91069425058	3308.6492927117074
toanvd
215119.41087471682	3837.782392373043
216277.75542335626	3663.2764280768993
toanvd
217028.32063235118	3135.612314866904
215498.18191530294	3153.732406134054
215498.18191530294	3153.732406134054
215498.18191530294	3153.732406134054
toanvd
206548.14318520526	3207.3780822129443
206548.14318520526	3207.3780822129443
206548.14318520526	3207.3780822129443
206548.14318520526	3207.3780822129443
206548.14318520526	3207.3780822129443
206548.14318520526	3207.3780822129443
toanvd
204816.3028942575	3448.0115126202695
toanvd
230009.25335408634	3737.6368550752763
230009.25335408634	3737.6368550752763
230009.25335408634	3737.6368550752763
223668.73543959975	3806.3122009203257
230009.25335408634	3737.6368550752763
230009.25335408634	3737.6368550752763
230009.25335408634	3737.6368550752763
230009.25335408634	3737.6368550752763
230009.25335408634	3737.6368550752763
223668.73543959975	3806.3122009203257
230029.6744500642	3555.2914380091834
230009.25335408634	3737.6368550752763
230009.25335408634	3737.6368550752763
230009.25335408634	3737.6368550752763
230009.25335408634	3737.6368550752763
230009.25335408634	3737.6368550752763
230009.25335408634	3737.6368550752763
230009.25335408634	3737.6368550752763
230009.25335408634	3737.6368550752763
230009.25335408634	3737.6368550752763
230009.25335408634	3737.6368550752763
223668.73543959975	3806.3122009203257
230009.25335408634	3737.6368550752763
230009.25335408634	3737.6368550752763
230009.25335408634	3737.6368550752763
toanvd
218725.065408809	3671.144770728141
218268.75084734987	3754.51164775283
toanvd
215325.66435825863	3526.727039750227
212602.51834792848	3668.648263987576
212602.51834792848	3668.648263987576
212602.51834792848	3668.648263987576
212602.51834792848	3668.648263987576
212602.51834792848	3668.648263987576
212602.51834792848	3668.648263987576
212602.51834792848	3668.648263987576
212602.51834792848	3668.648263987576
212602.51834792848	3668.648263987576
212602.51834792848	3668.648263987576
212602.51834792848	3668.648263987576
215639.67802465492	3509.8215502075477
toanvd
214955.34160959246	3432.1689173957825
toanvd
219847.6698579725	3940.7441685016934
219485.52337341657	4542.182959965807
219485.52337341657	4542.182959965807
219485.52337341657	4542.182959965807
219485.52337341657	4542.182959965807
219485.52337341657	4542.182959965807
219485.52337341657	4542.182959965807
219847.6698579725	3940.7441685016934
219485.52337341657	4542.182959965807
234029.31804559592	3782.1717896540436
227403.12445669225	3929.459267007106
219485.52337341657	4542.182959965807
219485.52337341657	4542.182959965807
219847.6698579725	3940.7441685016934
219485.52337341657	4542.182959965807
219485.52337341657	4542.182959965807
toanvd
208053.02405849082	3564.3033949264886
208053.02405849082	3564.3033949264886
208053.02405849082	3564.3033949264886
208053.02405849082	3564.3033949264886
208053.02405849082	3564.3033949264886
208053.02405849082	3564.3033949264886
208053.02405849082	3564.3033949264886
208053.02405849082	3564.3033949264886
208053.02405849082	3564.3033949264886
208053.02405849082	3564.3033949264886
208053.02405849082	3564.3033949264886
208053.02405849082	3564.3033949264886
toanvd
231052.23969414923	4016.3124144294075
205933.99950311097	4116.793773281033
205933.99950311097	4116.793773281033
205933.99950311097	4116.793773281033
205933.99950311097	4116.793773281033
205933.99950311097	4116.793773281033
toanvd
225623.8345646397	3669.425405954425
221445.61938689658	4024.492926915346
221445.61938689658	4024.492926915346
221445.61938689658	4024.492926915346
221445.61938689658	4024.492926915346
221445.61938689658	4024.492926915346
221445.61938689658	4024.492926915346
221445.61938689658	4024.492926915346
toanvd
240643.11834179808	3963.451495887487
240643.11834179808	3963.451495887487
240643.11834179808	3963.451495887487
240967.7982925149	3767.9053540860773
240967.7982925149	3767.9053540860773
240967.7982925149	3767.9053540860773
240967.7982925149	3767.9053540860773
240967.7982925149	3767.9053540860773
240967.7982925149	3767.9053540860773
240967.7982925149	3767.9053540860773
240967.7982925149	3767.9053540860773
240967.7982925149	3767.9053540860773
240967.7982925149	3767.9053540860773
240967.7982925149	3767.9053540860773
240967.7982925149	3767.9053540860773
240967.7982925149	3767.9053540860773
240967.7982925149	3767.9053540860773
240967.7982925149	3767.9053540860773
240967.7982925149	3767.9053540860773
240967.7982925149	3767.9053540860773
240967.7982925149	3767.9053540860773
240967.7982925149	3767.9053540860773
240967.7982925149	3767.9053540860773
240967.7982925149	3767.9053540860773
240967.7982925149	3767.9053540860773
240967.7982925149	3767.9053540860773
240967.7982925149	3767.9053540860773
240967.7982925149	3767.9053540860773
214101.84327328575	4471.735637491273
214152.8111585411	4011.993111152215
toanvd
214847.97280553516	3349.563739764018
214847.97280553516	3349.563739764018
213413.66827680115	3646.6111934637224
213413.66827680115	3646.6111934637224
toanvd
223838.20235142502	3459.954583806346
218757.53110158787	3497.5660918794133
toanvd
223784.12595908152	3580.9155414830866
223784.12595908152	3580.9155414830866
215792.41753805327	3711.2670497930967
215792.41753805327	3711.2670497930967
215792.41753805327	3711.2670497930967
220020.68072446887	3610.4025969083605
toanvd
199658.787782566	3890.9165639261155
toanvd
240412.30927139314	3908.5871786326866
222716.26583320135	3983.821332103277
222716.26583320135	3983.821332103277
222300.59010928214	4104.738682748536
222300.59010928214	4104.738682748536
222300.59010928214	4104.738682748536
222300.59010928214	4104.738682748536
222300.59010928214	4104.738682748536
222300.59010928214	4104.738682748536
222300.59010928214	4104.738682748536
222300.59010928214	4104.738682748536
222300.59010928214	4104.738682748536
toanvd
217597.1739505007	3499.783393931405
210919.64143107022	4194.332266171148
225742.78139042508	3412.1840554630603
225742.78139042508	3412.1840554630603
210919.64143107022	4194.332266171148
210919.64143107022	4194.332266171148
210919.64143107022	4194.332266171148
210919.64143107022	4194.332266171148
210919.64143107022	4194.332266171148
210919.64143107022	4194.332266171148
225742.78139042508	3412.1840554630603
210919.64143107022	4194.332266171148
210919.64143107022	4194.332266171148
210919.64143107022	4194.332266171148
210919.64143107022	4194.332266171148
210919.64143107022	4194.332266171148
210919.64143107022	4194.332266171148
225742.78139042508	3412.1840554630603
210919.64143107022	4194.332266171148
210919.64143107022	4194.332266171148
toanvd
215595.52255829884	3940.9149793718607
toanvd
204850.6433073388	3546.0161280858124
204850.6433073388	3546.0161280858124
toanvd
216513.18723338743	3451.152230952649
206552.55047257984	3634.9401860868275
207578.26314839267	3458.364533252323
207578.26314839267	3458.364533252323
207578.26314839267	3458.364533252323
207578.26314839267	3458.364533252323
207578.26314839267	3458.364533252323
207578.26314839267	3458.364533252323
toanvd
206652.20193979435	3763.0351037443593
209531.0008358797	3701.4129214111813
toanvd
222540.898983683	3620.00021038894
222540.898983683	3620.00021038894
222540.898983683	3620.00021038894
222540.898983683	3620.00021038894
222540.898983683	3620.00021038894
222540.898983683	3620.00021038894
222540.898983683	3620.00021038894
222540.898983683	3620.00021038894
222540.898983683	3620.00021038894
222540.898983683	3620.00021038894
222540.898983683	3620.00021038894
218095.31458596606	3641.9853068631883
217510.90919653472	3766.131990068379
217510.90919653472	3766.131990068379
214991.74544219952	4052.4130454847123
toanvd
222384.98857181848	3569.383242174451
toanvd
217694.58137450088	3718.723346591852
217171.94126031167	3724.77032650477
toanvd
205874.10019629155	3571.8667890094853
205874.10019629155	3571.8667890094853
205874.10019629155	3571.8667890094853
205284.7410680007	3702.327925278862
toanvd
