464557.90711444465	3277.6380788093384
toanvd
484845.5668882868	3899.6092970054087
482061.4108440163	3933.2381399869373
482061.4108440163	3933.2381399869373
482061.4108440163	3933.2381399869373
480635.9045503488	4161.4124887429
480635.9045503488	4161.4124887429
480635.9045503488	4161.4124887429
480635.9045503488	4161.4124887429
480635.9045503488	4161.4124887429
480635.9045503488	4161.4124887429
480635.9045503488	4161.4124887429
480635.9045503488	4161.4124887429
480635.9045503488	4161.4124887429
480635.9045503488	4161.4124887429
480635.9045503488	4161.4124887429
480635.9045503488	4161.4124887429
480635.9045503488	4161.4124887429
480635.9045503488	4161.4124887429
480635.9045503488	4161.4124887429
480635.9045503488	4161.4124887429
480635.9045503488	4161.4124887429
480635.9045503488	4161.4124887429
480635.9045503488	4161.4124887429
480635.9045503488	4161.4124887429
480635.9045503488	4161.4124887429
toanvd
479709.5545165616	3422.1060115909954
479709.5545165616	3422.1060115909954
479709.5545165616	3422.1060115909954
479709.5545165616	3422.1060115909954
479709.5545165616	3422.1060115909954
479709.5545165616	3422.1060115909954
483551.15647473274	3335.641017093544
479709.5545165616	3422.1060115909954
479709.5545165616	3422.1060115909954
479709.5545165616	3422.1060115909954
479709.5545165616	3422.1060115909954
479709.5545165616	3422.1060115909954
479709.5545165616	3422.1060115909954
479709.5545165616	3422.1060115909954
479709.5545165616	3422.1060115909954
479709.5545165616	3422.1060115909954
479709.5545165616	3422.1060115909954
479709.5545165616	3422.1060115909954
483551.15647473274	3335.641017093544
479709.5545165616	3422.1060115909954
479709.5545165616	3422.1060115909954
479709.5545165616	3422.1060115909954
479709.5545165616	3422.1060115909954
479709.5545165616	3422.1060115909954
479709.5545165616	3422.1060115909954
479709.5545165616	3422.1060115909954
479709.5545165616	3422.1060115909954
479709.5545165616	3422.1060115909954
479709.5545165616	3422.1060115909954
479709.5545165616	3422.1060115909954
479709.5545165616	3422.1060115909954
479709.5545165616	3422.1060115909954
479709.5545165616	3422.1060115909954
479709.5545165616	3422.1060115909954
479709.5545165616	3422.1060115909954
479709.5545165616	3422.1060115909954
479709.5545165616	3422.1060115909954
479709.5545165616	3422.1060115909954
479709.5545165616	3422.1060115909954
479709.5545165616	3422.1060115909954
479709.5545165616	3422.1060115909954
479709.5545165616	3422.1060115909954
479709.5545165616	3422.1060115909954
479709.5545165616	3422.1060115909954
483551.15647473274	3335.641017093544
479709.5545165616	3422.1060115909954
479709.5545165616	3422.1060115909954
479709.5545165616	3422.1060115909954
479709.5545165616	3422.1060115909954
477348.989073812	4171.082469718063
479709.5545165616	3422.1060115909954
479709.5545165616	3422.1060115909954
479709.5545165616	3422.1060115909954
479709.5545165616	3422.1060115909954
479709.5545165616	3422.1060115909954
479709.5545165616	3422.1060115909954
479709.5545165616	3422.1060115909954
479709.5545165616	3422.1060115909954
479709.5545165616	3422.1060115909954
479709.5545165616	3422.1060115909954
479709.5545165616	3422.1060115909954
479709.5545165616	3422.1060115909954
479709.5545165616	3422.1060115909954
479709.5545165616	3422.1060115909954
479709.5545165616	3422.1060115909954
479709.5545165616	3422.1060115909954
479709.5545165616	3422.1060115909954
479709.5545165616	3422.1060115909954
479709.5545165616	3422.1060115909954
479709.5545165616	3422.1060115909954
479709.5545165616	3422.1060115909954
479709.5545165616	3422.1060115909954
479709.5545165616	3422.1060115909954
479709.5545165616	3422.1060115909954
479709.5545165616	3422.1060115909954
479709.5545165616	3422.1060115909954
479709.5545165616	3422.1060115909954
479709.5545165616	3422.1060115909954
483551.15647473274	3335.641017093544
479709.5545165616	3422.1060115909954
479709.5545165616	3422.1060115909954
483551.15647473274	3335.641017093544
479709.5545165616	3422.1060115909954
479709.5545165616	3422.1060115909954
483551.15647473274	3335.641017093544
479709.5545165616	3422.1060115909954
479709.5545165616	3422.1060115909954
479709.5545165616	3422.1060115909954
479709.5545165616	3422.1060115909954
479709.5545165616	3422.1060115909954
479709.5545165616	3422.1060115909954
479709.5545165616	3422.1060115909954
479709.5545165616	3422.1060115909954
479709.5545165616	3422.1060115909954
479709.5545165616	3422.1060115909954
479709.5545165616	3422.1060115909954
479709.5545165616	3422.1060115909954
479709.5545165616	3422.1060115909954
479709.5545165616	3422.1060115909954
479709.5545165616	3422.1060115909954
479709.5545165616	3422.1060115909954
479709.5545165616	3422.1060115909954
479709.5545165616	3422.1060115909954
479709.5545165616	3422.1060115909954
479709.5545165616	3422.1060115909954
479709.5545165616	3422.1060115909954
479709.5545165616	3422.1060115909954
479709.5545165616	3422.1060115909954
479709.5545165616	3422.1060115909954
479709.5545165616	3422.1060115909954
479709.5545165616	3422.1060115909954
479709.5545165616	3422.1060115909954
479709.5545165616	3422.1060115909954
479709.5545165616	3422.1060115909954
479709.5545165616	3422.1060115909954
479709.5545165616	3422.1060115909954
479709.5545165616	3422.1060115909954
479709.5545165616	3422.1060115909954
479709.5545165616	3422.1060115909954
479709.5545165616	3422.1060115909954
479709.5545165616	3422.1060115909954
479709.5545165616	3422.1060115909954
479709.5545165616	3422.1060115909954
479709.5545165616	3422.1060115909954
479709.5545165616	3422.1060115909954
479709.5545165616	3422.1060115909954
477348.989073812	4171.082469718063
479709.5545165616	3422.1060115909954
479709.5545165616	3422.1060115909954
479709.5545165616	3422.1060115909954
479709.5545165616	3422.1060115909954
479709.5545165616	3422.1060115909954
479709.5545165616	3422.1060115909954
479709.5545165616	3422.1060115909954
479709.5545165616	3422.1060115909954
479709.5545165616	3422.1060115909954
479709.5545165616	3422.1060115909954
479709.5545165616	3422.1060115909954
479709.5545165616	3422.1060115909954
479709.5545165616	3422.1060115909954
479709.5545165616	3422.1060115909954
479709.5545165616	3422.1060115909954
479709.5545165616	3422.1060115909954
479709.5545165616	3422.1060115909954
479709.5545165616	3422.1060115909954
479709.5545165616	3422.1060115909954
479709.5545165616	3422.1060115909954
479709.5545165616	3422.1060115909954
479709.5545165616	3422.1060115909954
479709.5545165616	3422.1060115909954
479709.5545165616	3422.1060115909954
479709.5545165616	3422.1060115909954
479709.5545165616	3422.1060115909954
479709.5545165616	3422.1060115909954
479709.5545165616	3422.1060115909954
479709.5545165616	3422.1060115909954
479709.5545165616	3422.1060115909954
479709.5545165616	3422.1060115909954
479709.5545165616	3422.1060115909954
479709.5545165616	3422.1060115909954
479709.5545165616	3422.1060115909954
479709.5545165616	3422.1060115909954
479709.5545165616	3422.1060115909954
479709.5545165616	3422.1060115909954
477348.989073812	4171.082469718063
479709.5545165616	3422.1060115909954
479709.5545165616	3422.1060115909954
479709.5545165616	3422.1060115909954
479709.5545165616	3422.1060115909954
479709.5545165616	3422.1060115909954
479709.5545165616	3422.1060115909954
479709.5545165616	3422.1060115909954
479709.5545165616	3422.1060115909954
479709.5545165616	3422.1060115909954
479709.5545165616	3422.1060115909954
479709.5545165616	3422.1060115909954
479709.5545165616	3422.1060115909954
479709.5545165616	3422.1060115909954
479709.5545165616	3422.1060115909954
479709.5545165616	3422.1060115909954
479709.5545165616	3422.1060115909954
479709.5545165616	3422.1060115909954
479709.5545165616	3422.1060115909954
479709.5545165616	3422.1060115909954
479709.5545165616	3422.1060115909954
479709.5545165616	3422.1060115909954
479709.5545165616	3422.1060115909954
479709.5545165616	3422.1060115909954
479709.5545165616	3422.1060115909954
479709.5545165616	3422.1060115909954
479709.5545165616	3422.1060115909954
479709.5545165616	3422.1060115909954
479709.5545165616	3422.1060115909954
479709.5545165616	3422.1060115909954
479709.5545165616	3422.1060115909954
479709.5545165616	3422.1060115909954
479709.5545165616	3422.1060115909954
479709.5545165616	3422.1060115909954
479709.5545165616	3422.1060115909954
479709.5545165616	3422.1060115909954
toanvd
484687.21376596094	3697.5005807866746
toanvd
471600.52211300016	3711.1382238778
toanvd
466989.3845899444	3476.8010521360575
466989.3845899444	3476.8010521360575
466989.3845899444	3476.8010521360575
toanvd
469499.1903429627	3464.03599690146
469499.1903429627	3464.03599690146
469499.1903429627	3464.03599690146
469499.1903429627	3464.03599690146
toanvd
457209.03560780396	3273.6872582242977
457209.03560780396	3273.6872582242977
toanvd
466146.85210076853	3335.641017093544
463899.0004818251	3382.0227169814434
463899.0004818251	3382.0227169814434
463899.0004818251	3382.0227169814434
463899.0004818251	3382.0227169814434
toanvd
461132.5028471968	3341.958576599316
461132.5028471968	3341.958576599316
461132.5028471968	3341.958576599316
461132.5028471968	3341.958576599316
toanvd
470935.2661698207	3418.793567848482
470935.2661698207	3418.793567848482
470935.2661698207	3418.793567848482
470935.2661698207	3418.793567848482
470935.2661698207	3418.793567848482
470935.2661698207	3418.793567848482
470935.2661698207	3418.793567848482
470935.2661698207	3418.793567848482
470935.2661698207	3418.793567848482
470935.2661698207	3418.793567848482
470935.2661698207	3418.793567848482
470935.2661698207	3418.793567848482
470935.2661698207	3418.793567848482
470935.2661698207	3418.793567848482
470935.2661698207	3418.793567848482
470935.2661698207	3418.793567848482
470935.2661698207	3418.793567848482
470935.2661698207	3418.793567848482
470935.2661698207	3418.793567848482
470935.2661698207	3418.793567848482
470935.2661698207	3418.793567848482
470935.2661698207	3418.793567848482
470935.2661698207	3418.793567848482
470935.2661698207	3418.793567848482
470935.2661698207	3418.793567848482
470935.2661698207	3418.793567848482
470935.2661698207	3418.793567848482
470935.2661698207	3418.793567848482
470935.2661698207	3418.793567848482
470935.2661698207	3418.793567848482
470935.2661698207	3418.793567848482
470935.2661698207	3418.793567848482
470935.2661698207	3418.793567848482
470935.2661698207	3418.793567848482
470935.2661698207	3418.793567848482
470935.2661698207	3418.793567848482
470935.2661698207	3418.793567848482
470935.2661698207	3418.793567848482
470935.2661698207	3418.793567848482
470935.2661698207	3418.793567848482
470935.2661698207	3418.793567848482
470935.2661698207	3418.793567848482
470935.2661698207	3418.793567848482
470935.2661698207	3418.793567848482
470935.2661698207	3418.793567848482
470935.2661698207	3418.793567848482
470935.2661698207	3418.793567848482
470935.2661698207	3418.793567848482
470935.2661698207	3418.793567848482
470935.2661698207	3418.793567848482
470935.2661698207	3418.793567848482
470935.2661698207	3418.793567848482
470935.2661698207	3418.793567848482
470935.2661698207	3418.793567848482
470935.2661698207	3418.793567848482
470935.2661698207	3418.793567848482
470935.2661698207	3418.793567848482
470935.2661698207	3418.793567848482
470935.2661698207	3418.793567848482
470935.2661698207	3418.793567848482
470935.2661698207	3418.793567848482
470935.2661698207	3418.793567848482
470935.2661698207	3418.793567848482
470935.2661698207	3418.793567848482
470935.2661698207	3418.793567848482
470935.2661698207	3418.793567848482
470935.2661698207	3418.793567848482
470935.2661698207	3418.793567848482
470935.2661698207	3418.793567848482
470935.2661698207	3418.793567848482
470935.2661698207	3418.793567848482
470935.2661698207	3418.793567848482
470935.2661698207	3418.793567848482
470935.2661698207	3418.793567848482
470935.2661698207	3418.793567848482
470935.2661698207	3418.793567848482
470935.2661698207	3418.793567848482
470935.2661698207	3418.793567848482
470935.2661698207	3418.793567848482
470935.2661698207	3418.793567848482
470935.2661698207	3418.793567848482
470935.2661698207	3418.793567848482
470935.2661698207	3418.793567848482
470935.2661698207	3418.793567848482
470935.2661698207	3418.793567848482
470935.2661698207	3418.793567848482
470935.2661698207	3418.793567848482
470935.2661698207	3418.793567848482
470935.2661698207	3418.793567848482
470935.2661698207	3418.793567848482
470935.2661698207	3418.793567848482
470935.2661698207	3418.793567848482
470935.2661698207	3418.793567848482
470935.2661698207	3418.793567848482
470935.2661698207	3418.793567848482
470935.2661698207	3418.793567848482
470935.2661698207	3418.793567848482
470935.2661698207	3418.793567848482
470935.2661698207	3418.793567848482
470935.2661698207	3418.793567848482
470935.2661698207	3418.793567848482
470935.2661698207	3418.793567848482
470935.2661698207	3418.793567848482
470935.2661698207	3418.793567848482
470935.2661698207	3418.793567848482
470935.2661698207	3418.793567848482
470935.2661698207	3418.793567848482
470935.2661698207	3418.793567848482
470935.2661698207	3418.793567848482
470935.2661698207	3418.793567848482
470935.2661698207	3418.793567848482
470935.2661698207	3418.793567848482
470935.2661698207	3418.793567848482
470935.2661698207	3418.793567848482
470935.2661698207	3418.793567848482
470935.2661698207	3418.793567848482
470935.2661698207	3418.793567848482
470935.2661698207	3418.793567848482
470935.2661698207	3418.793567848482
470935.2661698207	3418.793567848482
470935.2661698207	3418.793567848482
470935.2661698207	3418.793567848482
470935.2661698207	3418.793567848482
470935.2661698207	3418.793567848482
470935.2661698207	3418.793567848482
470935.2661698207	3418.793567848482
470935.2661698207	3418.793567848482
470935.2661698207	3418.793567848482
470935.2661698207	3418.793567848482
470935.2661698207	3418.793567848482
470935.2661698207	3418.793567848482
470935.2661698207	3418.793567848482
470935.2661698207	3418.793567848482
470935.2661698207	3418.793567848482
470935.2661698207	3418.793567848482
470935.2661698207	3418.793567848482
470935.2661698207	3418.793567848482
470935.2661698207	3418.793567848482
470935.2661698207	3418.793567848482
470935.2661698207	3418.793567848482
470935.2661698207	3418.793567848482
470935.2661698207	3418.793567848482
470935.2661698207	3418.793567848482
470935.2661698207	3418.793567848482
470935.2661698207	3418.793567848482
470935.2661698207	3418.793567848482
470935.2661698207	3418.793567848482
470935.2661698207	3418.793567848482
470935.2661698207	3418.793567848482
470935.2661698207	3418.793567848482
470935.2661698207	3418.793567848482
470935.2661698207	3418.793567848482
470935.2661698207	3418.793567848482
470935.2661698207	3418.793567848482
470935.2661698207	3418.793567848482
470935.2661698207	3418.793567848482
470935.2661698207	3418.793567848482
470935.2661698207	3418.793567848482
470935.2661698207	3418.793567848482
470935.2661698207	3418.793567848482
470935.2661698207	3418.793567848482
470935.2661698207	3418.793567848482
470935.2661698207	3418.793567848482
470935.2661698207	3418.793567848482
470935.2661698207	3418.793567848482
470935.2661698207	3418.793567848482
470935.2661698207	3418.793567848482
470935.2661698207	3418.793567848482
470935.2661698207	3418.793567848482
470935.2661698207	3418.793567848482
470935.2661698207	3418.793567848482
470935.2661698207	3418.793567848482
470935.2661698207	3418.793567848482
470935.2661698207	3418.793567848482
470935.2661698207	3418.793567848482
470935.2661698207	3418.793567848482
470935.2661698207	3418.793567848482
470935.2661698207	3418.793567848482
470935.2661698207	3418.793567848482
470935.2661698207	3418.793567848482
470935.2661698207	3418.793567848482
470935.2661698207	3418.793567848482
470935.2661698207	3418.793567848482
470935.2661698207	3418.793567848482
470935.2661698207	3418.793567848482
470935.2661698207	3418.793567848482
470935.2661698207	3418.793567848482
470935.2661698207	3418.793567848482
470935.2661698207	3418.793567848482
470935.2661698207	3418.793567848482
470935.2661698207	3418.793567848482
470935.2661698207	3418.793567848482
470935.2661698207	3418.793567848482
470935.2661698207	3418.793567848482
toanvd
477307.05664630927	3618.6897868959504
toanvd
465224.7865349795	3406.500997309574
toanvd
472304.28738752403	3446.669483409028
474691.5208881863	3322.915240704938
474691.5208881863	3322.915240704938
474691.5208881863	3322.915240704938
472304.28738752403	3446.669483409028
474691.5208881863	3322.915240704938
toanvd
478367.9721403411	3515.6789920532024
478367.9721403411	3515.6789920532024
478367.9721403411	3515.6789920532024
478367.9721403411	3515.6789920532024
478367.9721403411	3515.6789920532024
478367.9721403411	3515.6789920532024
478367.9721403411	3515.6789920532024
478367.9721403411	3515.6789920532024
478367.9721403411	3515.6789920532024
478367.9721403411	3515.6789920532024
478367.9721403411	3515.6789920532024
478367.9721403411	3515.6789920532024
478367.9721403411	3515.6789920532024
478367.9721403411	3515.6789920532024
478367.9721403411	3515.6789920532024
478367.9721403411	3515.6789920532024
478367.9721403411	3515.6789920532024
478367.9721403411	3515.6789920532024
478367.9721403411	3515.6789920532024
478367.9721403411	3515.6789920532024
478367.9721403411	3515.6789920532024
478367.9721403411	3515.6789920532024
478367.9721403411	3515.6789920532024
478367.9721403411	3515.6789920532024
478367.9721403411	3515.6789920532024
478367.9721403411	3515.6789920532024
478367.9721403411	3515.6789920532024
478367.9721403411	3515.6789920532024
478367.9721403411	3515.6789920532024
478367.9721403411	3515.6789920532024
478367.9721403411	3515.6789920532024
478367.9721403411	3515.6789920532024
478367.9721403411	3515.6789920532024
478367.9721403411	3515.6789920532024
478367.9721403411	3515.6789920532024
478367.9721403411	3515.6789920532024
478367.9721403411	3515.6789920532024
478367.9721403411	3515.6789920532024
478367.9721403411	3515.6789920532024
478367.9721403411	3515.6789920532024
478367.9721403411	3515.6789920532024
478367.9721403411	3515.6789920532024
478367.9721403411	3515.6789920532024
478367.9721403411	3515.6789920532024
478367.9721403411	3515.6789920532024
478367.9721403411	3515.6789920532024
478367.9721403411	3515.6789920532024
478367.9721403411	3515.6789920532024
478367.9721403411	3515.6789920532024
478367.9721403411	3515.6789920532024
478367.9721403411	3515.6789920532024
478367.9721403411	3515.6789920532024
478367.9721403411	3515.6789920532024
478367.9721403411	3515.6789920532024
478367.9721403411	3515.6789920532024
478367.9721403411	3515.6789920532024
478367.9721403411	3515.6789920532024
478367.9721403411	3515.6789920532024
478367.9721403411	3515.6789920532024
478367.9721403411	3515.6789920532024
478367.9721403411	3515.6789920532024
478367.9721403411	3515.6789920532024
478367.9721403411	3515.6789920532024
478367.9721403411	3515.6789920532024
478367.9721403411	3515.6789920532024
478367.9721403411	3515.6789920532024
478367.9721403411	3515.6789920532024
478367.9721403411	3515.6789920532024
478367.9721403411	3515.6789920532024
478367.9721403411	3515.6789920532024
478367.9721403411	3515.6789920532024
478367.9721403411	3515.6789920532024
478367.9721403411	3515.6789920532024
478367.9721403411	3515.6789920532024
478367.9721403411	3515.6789920532024
478367.9721403411	3515.6789920532024
478367.9721403411	3515.6789920532024
478367.9721403411	3515.6789920532024
478367.9721403411	3515.6789920532024
478367.9721403411	3515.6789920532024
478367.9721403411	3515.6789920532024
478367.9721403411	3515.6789920532024
478367.9721403411	3515.6789920532024
478367.9721403411	3515.6789920532024
478367.9721403411	3515.6789920532024
478367.9721403411	3515.6789920532024
478367.9721403411	3515.6789920532024
478367.9721403411	3515.6789920532024
478367.9721403411	3515.6789920532024
478367.9721403411	3515.6789920532024
478367.9721403411	3515.6789920532024
478367.9721403411	3515.6789920532024
478367.9721403411	3515.6789920532024
478367.9721403411	3515.6789920532024
478367.9721403411	3515.6789920532024
478367.9721403411	3515.6789920532024
478367.9721403411	3515.6789920532024
478367.9721403411	3515.6789920532024
478367.9721403411	3515.6789920532024
478367.9721403411	3515.6789920532024
478367.9721403411	3515.6789920532024
478367.9721403411	3515.6789920532024
478367.9721403411	3515.6789920532024
478367.9721403411	3515.6789920532024
478367.9721403411	3515.6789920532024
478367.9721403411	3515.6789920532024
478367.9721403411	3515.6789920532024
478367.9721403411	3515.6789920532024
478367.9721403411	3515.6789920532024
478367.9721403411	3515.6789920532024
478367.9721403411	3515.6789920532024
478367.9721403411	3515.6789920532024
478367.9721403411	3515.6789920532024
478367.9721403411	3515.6789920532024
478367.9721403411	3515.6789920532024
478367.9721403411	3515.6789920532024
478367.9721403411	3515.6789920532024
478367.9721403411	3515.6789920532024
478367.9721403411	3515.6789920532024
478367.9721403411	3515.6789920532024
478367.9721403411	3515.6789920532024
478367.9721403411	3515.6789920532024
478367.9721403411	3515.6789920532024
478367.9721403411	3515.6789920532024
478367.9721403411	3515.6789920532024
478367.9721403411	3515.6789920532024
478367.9721403411	3515.6789920532024
478367.9721403411	3515.6789920532024
478367.9721403411	3515.6789920532024
toanvd
452268.1873928124	3344.960039558801
450580.3597152447	3476.6201423260586
450580.3597152447	3476.6201423260586
450580.3597152447	3476.6201423260586
450580.3597152447	3476.6201423260586
450580.3597152447	3476.6201423260586
450641.1379226183	3406.1591007317843
450641.1379226183	3406.1591007317843
450641.1379226183	3406.1591007317843
448086.8952907518	3569.1354096764326
450580.3597152447	3476.6201423260586
450580.3597152447	3476.6201423260586
450580.3597152447	3476.6201423260586
450580.3597152447	3476.6201423260586
toanvd
465123.5619350719	3420.7904114677626
465123.5619350719	3420.7904114677626
465123.5619350719	3420.7904114677626
465123.5619350719	3420.7904114677626
463740.9994964655	3723.2649837893277
toanvd
466963.8628629425	3395.5122749506777
toanvd
460149.6460532869	3649.7865085116446
460149.6460532869	3649.7865085116446
460149.6460532869	3649.7865085116446
460149.6460532869	3649.7865085116446
460149.6460532869	3649.7865085116446
460149.6460532869	3649.7865085116446
460149.6460532869	3649.7865085116446
460149.6460532869	3649.7865085116446
460149.6460532869	3649.7865085116446
460149.6460532869	3649.7865085116446
toanvd
453852.3521289137	3651.5045231919057
453852.3521289137	3651.5045231919057
455061.10986373894	3467.86418923726
452134.36619944393	3723.767395160909
toanvd
452249.3524055882	3535.2049211045996
452249.3524055882	3535.2049211045996
toanvd
467729.73900128936	3471.55854785729
toanvd
490961.14093904226	3935.5545377218173
491058.7485855777	3910.410469769654
491058.7485855777	3910.410469769654
491058.7485855777	3910.410469769654
491058.7485855777	3910.410469769654
475373.0691132388	4357.911777844374
475373.0691132388	4357.911777844374
475373.0691132388	4357.911777844374
475373.0691132388	4357.911777844374
475373.0691132388	4357.911777844374
475373.0691132388	4357.911777844374
475373.0691132388	4357.911777844374
475373.0691132388	4357.911777844374
475373.0691132388	4357.911777844374
475373.0691132388	4357.911777844374
toanvd
482111.18299424334	3406.93150720876
482111.18299424334	3406.93150720876
482111.18299424334	3406.93150720876
482111.18299424334	3406.93150720876
482111.18299424334	3406.93150720876
482111.18299424334	3406.93150720876
476019.08821308013	3583.8017981635016
476019.08821308013	3583.8017981635016
476019.08821308013	3583.8017981635016
476019.08821308013	3583.8017981635016
476019.08821308013	3583.8017981635016
476019.08821308013	3583.8017981635016
476019.08821308013	3583.8017981635016
476019.08821308013	3583.8017981635016
476019.08821308013	3583.8017981635016
476019.08821308013	3583.8017981635016
476019.08821308013	3583.8017981635016
476019.08821308013	3583.8017981635016
476019.08821308013	3583.8017981635016
476019.08821308013	3583.8017981635016
476019.08821308013	3583.8017981635016
476019.08821308013	3583.8017981635016
476019.08821308013	3583.8017981635016
476019.08821308013	3583.8017981635016
toanvd
463713.0213527686	3522.5896980640564
463739.2832512312	3264.980432042448
463713.0213527686	3522.5896980640564
463713.0213527686	3522.5896980640564
463713.0213527686	3522.5896980640564
463739.2832512312	3264.980432042448
463739.2832512312	3264.980432042448
463713.0213527686	3522.5896980640564
463713.0213527686	3522.5896980640564
toanvd
478775.6122540292	3374.132960248712
478491.14126185764	3856.537506291528
478491.14126185764	3856.537506291528
478775.6122540292	3374.132960248712
478491.14126185764	3856.537506291528
478491.14126185764	3856.537506291528
478491.14126185764	3856.537506291528
478491.14126185764	3856.537506291528
478775.6122540292	3374.132960248712
478491.14126185764	3856.537506291528
478775.6122540292	3374.132960248712
478491.14126185764	3856.537506291528
478491.14126185764	3856.537506291528
478775.6122540292	3374.132960248712
478491.14126185764	3856.537506291528
478491.14126185764	3856.537506291528
478775.6122540292	3374.132960248712
478775.6122540292	3374.132960248712
478491.14126185764	3856.537506291528
478491.14126185764	3856.537506291528
478775.6122540292	3374.132960248712
478491.14126185764	3856.537506291528
478775.6122540292	3374.132960248712
478491.14126185764	3856.537506291528
478491.14126185764	3856.537506291528
478775.6122540292	3374.132960248712
478491.14126185764	3856.537506291528
478775.6122540292	3374.132960248712
478775.6122540292	3374.132960248712
toanvd
471375.98869863345	3415.603127004066
471375.98869863345	3415.603127004066
toanvd
486198.0883442219	3543.762338046148
486198.0883442219	3543.762338046148
486198.0883442219	3543.762338046148
486198.0883442219	3543.762338046148
487162.04171002476	3541.3124755250533
486198.0883442219	3543.762338046148
486198.0883442219	3543.762338046148
486198.0883442219	3543.762338046148
486198.0883442219	3543.762338046148
486198.0883442219	3543.762338046148
486198.0883442219	3543.762338046148
toanvd
490075.3252085924	3654.940186086828
490075.3252085924	3654.940186086828
490075.3252085924	3654.940186086828
490075.3252085924	3654.940186086828
490075.3252085924	3654.940186086828
490075.3252085924	3654.940186086828
490075.3252085924	3654.940186086828
490075.3252085924	3654.940186086828
490075.3252085924	3654.940186086828
490075.3252085924	3654.940186086828
490075.3252085924	3654.940186086828
490075.3252085924	3654.940186086828
490075.3252085924	3654.940186086828
490075.3252085924	3654.940186086828
490075.3252085924	3654.940186086828
490075.3252085924	3654.940186086828
490075.3252085924	3654.940186086828
490075.3252085924	3654.940186086828
490075.3252085924	3654.940186086828
490075.3252085924	3654.940186086828
490075.3252085924	3654.940186086828
490075.3252085924	3654.940186086828
490075.3252085924	3654.940186086828
490075.3252085924	3654.940186086828
490075.3252085924	3654.940186086828
490075.3252085924	3654.940186086828
490075.3252085924	3654.940186086828
490075.3252085924	3654.940186086828
490075.3252085924	3654.940186086828
490075.3252085924	3654.940186086828
490075.3252085924	3654.940186086828
490075.3252085924	3654.940186086828
490075.3252085924	3654.940186086828
490075.3252085924	3654.940186086828
487430.78798296716	3739.412221019379
490075.3252085924	3654.940186086828
490075.3252085924	3654.940186086828
490075.3252085924	3654.940186086828
490075.3252085924	3654.940186086828
490075.3252085924	3654.940186086828
490075.3252085924	3654.940186086828
490075.3252085924	3654.940186086828
487430.78798296716	3739.412221019379
490075.3252085924	3654.940186086828
490075.3252085924	3654.940186086828
490075.3252085924	3654.940186086828
490184.4525687616	3554.366965709766
toanvd
462979.8477985614	3384.161966936709
462979.8477985614	3384.161966936709
462979.8477985614	3384.161966936709
toanvd
465293.1427760298	3852.2776303350406
466146.61259798735	3357.6562671811275
toanvd
486087.8629566309	3393.7229936491235
486087.8629566309	3393.7229936491235
486087.8629566309	3393.7229936491235
toanvd
461110.908653059	3541.8211451595084
461110.908653059	3541.8211451595084
458191.1854729227	3575.2501143149616
toanvd
467548.23530819867	3277.3206425731037
475497.2009922913	3208.2667185165456
474467.6676935123	3256.4994751468125
474467.6676935123	3256.4994751468125
474467.6676935123	3256.4994751468125
474467.6676935123	3256.4994751468125
474467.6676935123	3256.4994751468125
474467.6676935123	3256.4994751468125
474467.6676935123	3256.4994751468125
474467.6676935123	3256.4994751468125
474467.6676935123	3256.4994751468125
474467.6676935123	3256.4994751468125
474467.6676935123	3256.4994751468125
474467.6676935123	3256.4994751468125
474467.6676935123	3256.4994751468125
474467.6676935123	3256.4994751468125
474467.6676935123	3256.4994751468125
474467.6676935123	3256.4994751468125
474467.6676935123	3256.4994751468125
474467.6676935123	3256.4994751468125
474467.6676935123	3256.4994751468125
474467.6676935123	3256.4994751468125
474467.6676935123	3256.4994751468125
474467.6676935123	3256.4994751468125
474467.6676935123	3256.4994751468125
474467.6676935123	3256.4994751468125
474467.6676935123	3256.4994751468125
474467.6676935123	3256.4994751468125
474467.6676935123	3256.4994751468125
474467.6676935123	3256.4994751468125
474467.6676935123	3256.4994751468125
474467.6676935123	3256.4994751468125
474467.6676935123	3256.4994751468125
474467.6676935123	3256.4994751468125
474467.6676935123	3256.4994751468125
474467.6676935123	3256.4994751468125
474467.6676935123	3256.4994751468125
474467.6676935123	3256.4994751468125
474467.6676935123	3256.4994751468125
474467.6676935123	3256.4994751468125
474467.6676935123	3256.4994751468125
474467.6676935123	3256.4994751468125
474467.6676935123	3256.4994751468125
474467.6676935123	3256.4994751468125
474467.6676935123	3256.4994751468125
474467.6676935123	3256.4994751468125
toanvd
475295.1554511439	3365.3947667332013
475295.1554511439	3365.3947667332013
474621.8876137211	3395.5122749506777
474621.8876137211	3395.5122749506777
toanvd
450048.0011886193	3805.188109720016
450048.0011886193	3805.188109720016
450048.0011886193	3805.188109720016
450048.0011886193	3805.188109720016
450048.0011886193	3805.188109720016
450048.0011886193	3805.188109720016
450048.0011886193	3805.188109720016
450048.0011886193	3805.188109720016
450048.0011886193	3805.188109720016
450048.0011886193	3805.188109720016
450048.0011886193	3805.188109720016
450048.0011886193	3805.188109720016
450048.0011886193	3805.188109720016
450048.0011886193	3805.188109720016
450048.0011886193	3805.188109720016
452743.45502671885	3738.643144662044
452743.45502671885	3738.643144662044
452743.45502671885	3738.643144662044
452743.45502671885	3738.643144662044
toanvd
458698.0299488335	3554.6435153711664
458698.0299488335	3554.6435153711664
458698.0299488335	3554.6435153711664
458698.0299488335	3554.6435153711664
toanvd
479544.52560155076	3398.178229268061
toanvd
495293.1633873834	3531.2146386787904
495293.1633873834	3531.2146386787904
494637.50718059595	3537.4455457674044
495293.1633873834	3531.2146386787904
495293.1633873834	3531.2146386787904
495293.1633873834	3531.2146386787904
495293.1633873834	3531.2146386787904
495293.1633873834	3531.2146386787904
495293.1633873834	3531.2146386787904
495293.1633873834	3531.2146386787904
495293.1633873834	3531.2146386787904
495293.1633873834	3531.2146386787904
495293.1633873834	3531.2146386787904
494637.50718059595	3537.4455457674044
495293.1633873834	3531.2146386787904
494637.50718059595	3537.4455457674044
495293.1633873834	3531.2146386787904
495293.1633873834	3531.2146386787904
495293.1633873834	3531.2146386787904
495293.1633873834	3531.2146386787904
495293.1633873834	3531.2146386787904
495293.1633873834	3531.2146386787904
495293.1633873834	3531.2146386787904
495293.1633873834	3531.2146386787904
495293.1633873834	3531.2146386787904
495293.1633873834	3531.2146386787904
495293.1633873834	3531.2146386787904
495293.1633873834	3531.2146386787904
495293.1633873834	3531.2146386787904
495293.1633873834	3531.2146386787904
495293.1633873834	3531.2146386787904
495293.1633873834	3531.2146386787904
495293.1633873834	3531.2146386787904
495293.1633873834	3531.2146386787904
495293.1633873834	3531.2146386787904
495293.1633873834	3531.2146386787904
495293.1633873834	3531.2146386787904
495293.1633873834	3531.2146386787904
495293.1633873834	3531.2146386787904
495293.1633873834	3531.2146386787904
495293.1633873834	3531.2146386787904
495293.1633873834	3531.2146386787904
495293.1633873834	3531.2146386787904
495293.1633873834	3531.2146386787904
495293.1633873834	3531.2146386787904
495293.1633873834	3531.2146386787904
495293.1633873834	3531.2146386787904
495293.1633873834	3531.2146386787904
495293.1633873834	3531.2146386787904
495293.1633873834	3531.2146386787904
495293.1633873834	3531.2146386787904
495293.1633873834	3531.2146386787904
495293.1633873834	3531.2146386787904
495293.1633873834	3531.2146386787904
495293.1633873834	3531.2146386787904
495293.1633873834	3531.2146386787904
495293.1633873834	3531.2146386787904
494637.50718059595	3537.4455457674044
495293.1633873834	3531.2146386787904
495293.1633873834	3531.2146386787904
495293.1633873834	3531.2146386787904
495293.1633873834	3531.2146386787904
495293.1633873834	3531.2146386787904
495293.1633873834	3531.2146386787904
494637.50718059595	3537.4455457674044
495293.1633873834	3531.2146386787904
495293.1633873834	3531.2146386787904
495293.1633873834	3531.2146386787904
495293.1633873834	3531.2146386787904
495293.1633873834	3531.2146386787904
495293.1633873834	3531.2146386787904
495293.1633873834	3531.2146386787904
495293.1633873834	3531.2146386787904
495293.1633873834	3531.2146386787904
495293.1633873834	3531.2146386787904
495293.1633873834	3531.2146386787904
495293.1633873834	3531.2146386787904
495293.1633873834	3531.2146386787904
495293.1633873834	3531.2146386787904
495293.1633873834	3531.2146386787904
495293.1633873834	3531.2146386787904
494637.50718059595	3537.4455457674044
495293.1633873834	3531.2146386787904
495293.1633873834	3531.2146386787904
495293.1633873834	3531.2146386787904
495293.1633873834	3531.2146386787904
495293.1633873834	3531.2146386787904
495293.1633873834	3531.2146386787904
495293.1633873834	3531.2146386787904
495293.1633873834	3531.2146386787904
495293.1633873834	3531.2146386787904
495293.1633873834	3531.2146386787904
495293.1633873834	3531.2146386787904
495293.1633873834	3531.2146386787904
495293.1633873834	3531.2146386787904
495293.1633873834	3531.2146386787904
495293.1633873834	3531.2146386787904
495293.1633873834	3531.2146386787904
495293.1633873834	3531.2146386787904
495293.1633873834	3531.2146386787904
495293.1633873834	3531.2146386787904
495293.1633873834	3531.2146386787904
495293.1633873834	3531.2146386787904
495293.1633873834	3531.2146386787904
494637.50718059595	3537.4455457674044
495293.1633873834	3531.2146386787904
495293.1633873834	3531.2146386787904
495293.1633873834	3531.2146386787904
495293.1633873834	3531.2146386787904
495293.1633873834	3531.2146386787904
495293.1633873834	3531.2146386787904
495293.1633873834	3531.2146386787904
495293.1633873834	3531.2146386787904
494637.50718059595	3537.4455457674044
495293.1633873834	3531.2146386787904
495293.1633873834	3531.2146386787904
495293.1633873834	3531.2146386787904
495293.1633873834	3531.2146386787904
495293.1633873834	3531.2146386787904
495293.1633873834	3531.2146386787904
495293.1633873834	3531.2146386787904
494637.50718059595	3537.4455457674044
495293.1633873834	3531.2146386787904
495293.1633873834	3531.2146386787904
495293.1633873834	3531.2146386787904
495293.1633873834	3531.2146386787904
495293.1633873834	3531.2146386787904
495293.1633873834	3531.2146386787904
495293.1633873834	3531.2146386787904
495293.1633873834	3531.2146386787904
495293.1633873834	3531.2146386787904
495293.1633873834	3531.2146386787904
495293.1633873834	3531.2146386787904
495293.1633873834	3531.2146386787904
495293.1633873834	3531.2146386787904
495293.1633873834	3531.2146386787904
494637.50718059595	3537.4455457674044
495293.1633873834	3531.2146386787904
495293.1633873834	3531.2146386787904
495293.1633873834	3531.2146386787904
495293.1633873834	3531.2146386787904
495293.1633873834	3531.2146386787904
495293.1633873834	3531.2146386787904
495293.1633873834	3531.2146386787904
495293.1633873834	3531.2146386787904
495293.1633873834	3531.2146386787904
495293.1633873834	3531.2146386787904
495293.1633873834	3531.2146386787904
495293.1633873834	3531.2146386787904
495293.1633873834	3531.2146386787904
495293.1633873834	3531.2146386787904
495293.1633873834	3531.2146386787904
495293.1633873834	3531.2146386787904
495293.1633873834	3531.2146386787904
495293.1633873834	3531.2146386787904
495293.1633873834	3531.2146386787904
494637.50718059595	3537.4455457674044
495293.1633873834	3531.2146386787904
495293.1633873834	3531.2146386787904
495293.1633873834	3531.2146386787904
495293.1633873834	3531.2146386787904
495293.1633873834	3531.2146386787904
495293.1633873834	3531.2146386787904
495293.1633873834	3531.2146386787904
495293.1633873834	3531.2146386787904
495293.1633873834	3531.2146386787904
495293.1633873834	3531.2146386787904
495293.1633873834	3531.2146386787904
495293.1633873834	3531.2146386787904
495293.1633873834	3531.2146386787904
495293.1633873834	3531.2146386787904
495293.1633873834	3531.2146386787904
495293.1633873834	3531.2146386787904
495293.1633873834	3531.2146386787904
495293.1633873834	3531.2146386787904
495293.1633873834	3531.2146386787904
495293.1633873834	3531.2146386787904
495293.1633873834	3531.2146386787904
494637.50718059595	3537.4455457674044
495293.1633873834	3531.2146386787904
495293.1633873834	3531.2146386787904
495293.1633873834	3531.2146386787904
495293.1633873834	3531.2146386787904
495293.1633873834	3531.2146386787904
495293.1633873834	3531.2146386787904
495293.1633873834	3531.2146386787904
495293.1633873834	3531.2146386787904
495293.1633873834	3531.2146386787904
495293.1633873834	3531.2146386787904
495293.1633873834	3531.2146386787904
495293.1633873834	3531.2146386787904
495293.1633873834	3531.2146386787904
495293.1633873834	3531.2146386787904
495293.1633873834	3531.2146386787904
495293.1633873834	3531.2146386787904
495293.1633873834	3531.2146386787904
495293.1633873834	3531.2146386787904
495293.1633873834	3531.2146386787904
494637.50718059595	3537.4455457674044
494637.50718059595	3537.4455457674044
toanvd
488540.2857359793	3663.6144073662786
toanvd
466040.35591674113	3233.442808509637
466040.35591674113	3233.442808509637
466040.35591674113	3233.442808509637
466040.35591674113	3233.442808509637
466040.35591674113	3233.442808509637
466040.35591674113	3233.442808509637
466040.35591674113	3233.442808509637
466040.35591674113	3233.442808509637
466040.35591674113	3233.442808509637
466040.35591674113	3233.442808509637
466040.35591674113	3233.442808509637
466040.35591674113	3233.442808509637
466040.35591674113	3233.442808509637
466040.35591674113	3233.442808509637
466040.35591674113	3233.442808509637
466040.35591674113	3233.442808509637
466040.35591674113	3233.442808509637
466040.35591674113	3233.442808509637
466040.35591674113	3233.442808509637
466040.35591674113	3233.442808509637
466040.35591674113	3233.442808509637
466040.35591674113	3233.442808509637
466040.35591674113	3233.442808509637
466040.35591674113	3233.442808509637
466040.35591674113	3233.442808509637
466040.35591674113	3233.442808509637
466040.35591674113	3233.442808509637
466040.35591674113	3233.442808509637
466040.35591674113	3233.442808509637
466040.35591674113	3233.442808509637
466040.35591674113	3233.442808509637
466040.35591674113	3233.442808509637
466040.35591674113	3233.442808509637
466040.35591674113	3233.442808509637
466040.35591674113	3233.442808509637
toanvd
470741.92251951096	3587.9420800552784
466993.2269958361	3651.5045231919057
470741.92251951096	3587.9420800552784
toanvd
467871.6966156169	3369.5637397640176
467871.6966156169	3369.5637397640176
467871.6966156169	3369.5637397640176
467871.6966156169	3369.5637397640176
467871.6966156169	3369.5637397640176
467871.6966156169	3369.5637397640176
467871.6966156169	3369.5637397640176
467871.6966156169	3369.5637397640176
467871.6966156169	3369.5637397640176
467871.6966156169	3369.5637397640176
467871.6966156169	3369.5637397640176
467871.6966156169	3369.5637397640176
467871.6966156169	3369.5637397640176
467871.6966156169	3369.5637397640176
467871.6966156169	3369.5637397640176
467871.6966156169	3369.5637397640176
467871.6966156169	3369.5637397640176
467871.6966156169	3369.5637397640176
467871.6966156169	3369.5637397640176
467871.6966156169	3369.5637397640176
467871.6966156169	3369.5637397640176
467871.6966156169	3369.5637397640176
467871.6966156169	3369.5637397640176
467871.6966156169	3369.5637397640176
467871.6966156169	3369.5637397640176
467871.6966156169	3369.5637397640176
467871.6966156169	3369.5637397640176
467871.6966156169	3369.5637397640176
467871.6966156169	3369.5637397640176
467871.6966156169	3369.5637397640176
467871.6966156169	3369.5637397640176
467871.6966156169	3369.5637397640176
467871.6966156169	3369.5637397640176
467871.6966156169	3369.5637397640176
467871.6966156169	3369.5637397640176
467871.6966156169	3369.5637397640176
467871.6966156169	3369.5637397640176
467871.6966156169	3369.5637397640176
467871.6966156169	3369.5637397640176
467871.6966156169	3369.5637397640176
467871.6966156169	3369.5637397640176
467871.6966156169	3369.5637397640176
467871.6966156169	3369.5637397640176
467871.6966156169	3369.5637397640176
467871.6966156169	3369.5637397640176
467871.6966156169	3369.5637397640176
467871.6966156169	3369.5637397640176
467871.6966156169	3369.5637397640176
467871.6966156169	3369.5637397640176
467871.6966156169	3369.5637397640176
467871.6966156169	3369.5637397640176
467871.6966156169	3369.5637397640176
467871.6966156169	3369.5637397640176
467871.6966156169	3369.5637397640176
467871.6966156169	3369.5637397640176
467871.6966156169	3369.5637397640176
467871.6966156169	3369.5637397640176
467871.6966156169	3369.5637397640176
467871.6966156169	3369.5637397640176
467871.6966156169	3369.5637397640176
467871.6966156169	3369.5637397640176
467871.6966156169	3369.5637397640176
toanvd
461699.4621057707	3507.4336314831776
toanvd
476597.6227883305	3537.301995734963
476597.6227883305	3537.301995734963
476597.6227883305	3537.301995734963
476597.6227883305	3537.301995734963
476597.6227883305	3537.301995734963
478311.1938216401	3435.5203662310028
478535.2471316748	3423.403110934063
478535.2471316748	3423.403110934063
478535.2471316748	3423.403110934063
478535.2471316748	3423.403110934063
478535.2471316748	3423.403110934063
478535.2471316748	3423.403110934063
478535.2471316748	3423.403110934063
478535.2471316748	3423.403110934063
478535.2471316748	3423.403110934063
478535.2471316748	3423.403110934063
478535.2471316748	3423.403110934063
478535.2471316748	3423.403110934063
478535.2471316748	3423.403110934063
478535.2471316748	3423.403110934063
478535.2471316748	3423.403110934063
toanvd
466425.7546073396	3622.450433036464
466425.7546073396	3622.450433036464
466425.7546073396	3622.450433036464
466425.7546073396	3622.450433036464
466425.7546073396	3622.450433036464
466425.7546073396	3622.450433036464
466425.7546073396	3622.450433036464
toanvd
475122.538035851	3564.271791789687
475122.538035851	3564.271791789687
475122.538035851	3564.271791789687
475122.538035851	3564.271791789687
475122.538035851	3564.271791789687
475122.538035851	3564.271791789687
475122.538035851	3564.271791789687
475122.538035851	3564.271791789687
475122.538035851	3564.271791789687
475122.538035851	3564.271791789687
475122.538035851	3564.271791789687
475122.538035851	3564.271791789687
475122.538035851	3564.271791789687
475122.538035851	3564.271791789687
475122.538035851	3564.271791789687
475122.538035851	3564.271791789687
475122.538035851	3564.271791789687
475122.538035851	3564.271791789687
475122.538035851	3564.271791789687
475122.538035851	3564.271791789687
475122.538035851	3564.271791789687
475122.538035851	3564.271791789687
475122.538035851	3564.271791789687
475122.538035851	3564.271791789687
475122.538035851	3564.271791789687
475122.538035851	3564.271791789687
475122.538035851	3564.271791789687
475122.538035851	3564.271791789687
475122.538035851	3564.271791789687
475122.538035851	3564.271791789687
482097.486100333	3509.269537892834
475122.538035851	3564.271791789687
475122.538035851	3564.271791789687
483083.3927206334	3458.8379567342918
475122.538035851	3564.271791789687
475122.538035851	3564.271791789687
475122.538035851	3564.271791789687
475122.538035851	3564.271791789687
475122.538035851	3564.271791789687
475122.538035851	3564.271791789687
475122.538035851	3564.271791789687
475122.538035851	3564.271791789687
475122.538035851	3564.271791789687
475122.538035851	3564.271791789687
475122.538035851	3564.271791789687
475122.538035851	3564.271791789687
475122.538035851	3564.271791789687
475122.538035851	3564.271791789687
475122.538035851	3564.271791789687
toanvd
463543.2635985291	3505.2648879964454
463543.2635985291	3505.2648879964454
463543.2635985291	3505.2648879964454
463543.2635985291	3505.2648879964454
463543.2635985291	3505.2648879964454
463543.2635985291	3505.2648879964454
463543.2635985291	3505.2648879964454
toanvd
466293.5893132489	3492.4947657512193
468335.68090772274	3448.2782487919103
toanvd
475445.41036036843	3922.1281746173577
475445.41036036843	3922.1281746173577
475445.41036036843	3922.1281746173577
483755.42915305175	3392.5042495674206
483755.42915305175	3392.5042495674206
475445.41036036843	3922.1281746173577
475445.41036036843	3922.1281746173577
475445.41036036843	3922.1281746173577
483755.42915305175	3392.5042495674206
475445.41036036843	3922.1281746173577
475445.41036036843	3922.1281746173577
482539.3354879714	3440.380261033558
482539.3354879714	3440.380261033558
482539.3354879714	3440.380261033558
482539.3354879714	3440.380261033558
482539.3354879714	3440.380261033558
482539.3354879714	3440.380261033558
482539.3354879714	3440.380261033558
482539.3354879714	3440.380261033558
482539.3354879714	3440.380261033558
482539.3354879714	3440.380261033558
482539.3354879714	3440.380261033558
482539.3354879714	3440.380261033558
482539.3354879714	3440.380261033558
482539.3354879714	3440.380261033558
482539.3354879714	3440.380261033558
482539.3354879714	3440.380261033558
482539.3354879714	3440.380261033558
482539.3354879714	3440.380261033558
482539.3354879714	3440.380261033558
482539.3354879714	3440.380261033558
482539.3354879714	3440.380261033558
482539.3354879714	3440.380261033558
482539.3354879714	3440.380261033558
482539.3354879714	3440.380261033558
482539.3354879714	3440.380261033558
482539.3354879714	3440.380261033558
482539.3354879714	3440.380261033558
482539.3354879714	3440.380261033558
482539.3354879714	3440.380261033558
482539.3354879714	3440.380261033558
482539.3354879714	3440.380261033558
482539.3354879714	3440.380261033558
482539.3354879714	3440.380261033558
482539.3354879714	3440.380261033558
482539.3354879714	3440.380261033558
482539.3354879714	3440.380261033558
482539.3354879714	3440.380261033558
482539.3354879714	3440.380261033558
482539.3354879714	3440.380261033558
482539.3354879714	3440.380261033558
482539.3354879714	3440.380261033558
482539.3354879714	3440.380261033558
482539.3354879714	3440.380261033558
482539.3354879714	3440.380261033558
482539.3354879714	3440.380261033558
482539.3354879714	3440.380261033558
482539.3354879714	3440.380261033558
482539.3354879714	3440.380261033558
482539.3354879714	3440.380261033558
482539.3354879714	3440.380261033558
482539.3354879714	3440.380261033558
482539.3354879714	3440.380261033558
482539.3354879714	3440.380261033558
482539.3354879714	3440.380261033558
482539.3354879714	3440.380261033558
482539.3354879714	3440.380261033558
482539.3354879714	3440.380261033558
482539.3354879714	3440.380261033558
482539.3354879714	3440.380261033558
482539.3354879714	3440.380261033558
482539.3354879714	3440.380261033558
482539.3354879714	3440.380261033558
482539.3354879714	3440.380261033558
482539.3354879714	3440.380261033558
482539.3354879714	3440.380261033558
482539.3354879714	3440.380261033558
482539.3354879714	3440.380261033558
482539.3354879714	3440.380261033558
482539.3354879714	3440.380261033558
482539.3354879714	3440.380261033558
482539.3354879714	3440.380261033558
482539.3354879714	3440.380261033558
482539.3354879714	3440.380261033558
482539.3354879714	3440.380261033558
482539.3354879714	3440.380261033558
482539.3354879714	3440.380261033558
482539.3354879714	3440.380261033558
482539.3354879714	3440.380261033558
482539.3354879714	3440.380261033558
482539.3354879714	3440.380261033558
482539.3354879714	3440.380261033558
482539.3354879714	3440.380261033558
482539.3354879714	3440.380261033558
482539.3354879714	3440.380261033558
482539.3354879714	3440.380261033558
482539.3354879714	3440.380261033558
482539.3354879714	3440.380261033558
482539.3354879714	3440.380261033558
482539.3354879714	3440.380261033558
482539.3354879714	3440.380261033558
482539.3354879714	3440.380261033558
482539.3354879714	3440.380261033558
482539.3354879714	3440.380261033558
482539.3354879714	3440.380261033558
482539.3354879714	3440.380261033558
482539.3354879714	3440.380261033558
482539.3354879714	3440.380261033558
482539.3354879714	3440.380261033558
482539.3354879714	3440.380261033558
482539.3354879714	3440.380261033558
482539.3354879714	3440.380261033558
482539.3354879714	3440.380261033558
482539.3354879714	3440.380261033558
482539.3354879714	3440.380261033558
482539.3354879714	3440.380261033558
482539.3354879714	3440.380261033558
482539.3354879714	3440.380261033558
482539.3354879714	3440.380261033558
482539.3354879714	3440.380261033558
482539.3354879714	3440.380261033558
482539.3354879714	3440.380261033558
482539.3354879714	3440.380261033558
482539.3354879714	3440.380261033558
482539.3354879714	3440.380261033558
482539.3354879714	3440.380261033558
482539.3354879714	3440.380261033558
482539.3354879714	3440.380261033558
482539.3354879714	3440.380261033558
482539.3354879714	3440.380261033558
482539.3354879714	3440.380261033558
482539.3354879714	3440.380261033558
482539.3354879714	3440.380261033558
482539.3354879714	3440.380261033558
482539.3354879714	3440.380261033558
482539.3354879714	3440.380261033558
482539.3354879714	3440.380261033558
482539.3354879714	3440.380261033558
482539.3354879714	3440.380261033558
482539.3354879714	3440.380261033558
482539.3354879714	3440.380261033558
482539.3354879714	3440.380261033558
482539.3354879714	3440.380261033558
482539.3354879714	3440.380261033558
482539.3354879714	3440.380261033558
482539.3354879714	3440.380261033558
482539.3354879714	3440.380261033558
482539.3354879714	3440.380261033558
482539.3354879714	3440.380261033558
482539.3354879714	3440.380261033558
482539.3354879714	3440.380261033558
482539.3354879714	3440.380261033558
482539.3354879714	3440.380261033558
482539.3354879714	3440.380261033558
482539.3354879714	3440.380261033558
482539.3354879714	3440.380261033558
482539.3354879714	3440.380261033558
482539.3354879714	3440.380261033558
482539.3354879714	3440.380261033558
482539.3354879714	3440.380261033558
482539.3354879714	3440.380261033558
482539.3354879714	3440.380261033558
482539.3354879714	3440.380261033558
482539.3354879714	3440.380261033558
482539.3354879714	3440.380261033558
482539.3354879714	3440.380261033558
482539.3354879714	3440.380261033558
482539.3354879714	3440.380261033558
482539.3354879714	3440.380261033558
482539.3354879714	3440.380261033558
482539.3354879714	3440.380261033558
482539.3354879714	3440.380261033558
482539.3354879714	3440.380261033558
482539.3354879714	3440.380261033558
482539.3354879714	3440.380261033558
482539.3354879714	3440.380261033558
482539.3354879714	3440.380261033558
482539.3354879714	3440.380261033558
482539.3354879714	3440.380261033558
482539.3354879714	3440.380261033558
482539.3354879714	3440.380261033558
482539.3354879714	3440.380261033558
482539.3354879714	3440.380261033558
482539.3354879714	3440.380261033558
482539.3354879714	3440.380261033558
482539.3354879714	3440.380261033558
482539.3354879714	3440.380261033558
482539.3354879714	3440.380261033558
482539.3354879714	3440.380261033558
482539.3354879714	3440.380261033558
482539.3354879714	3440.380261033558
482539.3354879714	3440.380261033558
482539.3354879714	3440.380261033558
482539.3354879714	3440.380261033558
toanvd
474021.3630574629	3476.1749355429833
474021.3630574629	3476.1749355429833
473217.1661686361	3623.0535999864765
473217.1661686361	3623.0535999864765
toanvd
469912.1636267131	3625.960577791693
469912.1636267131	3625.960577791693
469912.1636267131	3625.960577791693
469912.1636267131	3625.960577791693
469912.1636267131	3625.960577791693
470288.59214195475	3488.281514885779
470288.59214195475	3488.281514885779
toanvd
490786.94572669326	3387.19753630291
486767.97965934785	3422.1060115909954
486539.1957250626	3788.7421516763343
486767.97965934785	3422.1060115909954
486767.97965934785	3422.1060115909954
486539.1957250626	3788.7421516763343
486767.97965934785	3422.1060115909954
486539.1957250626	3788.7421516763343
486539.1957250626	3788.7421516763343
490786.94572669326	3387.19753630291
486767.97965934785	3422.1060115909954
486539.1957250626	3788.7421516763343
toanvd
452933.9836486685	3580.4397829835975
452933.9836486685	3580.4397829835975
452933.9836486685	3580.4397829835975
452933.9836486685	3580.4397829835975
452933.9836486685	3580.4397829835975
452933.9836486685	3580.4397829835975
452933.9836486685	3580.4397829835975
452933.9836486685	3580.4397829835975
452933.9836486685	3580.4397829835975
452933.9836486685	3580.4397829835975
452933.9836486685	3580.4397829835975
452933.9836486685	3580.4397829835975
452933.9836486685	3580.4397829835975
452933.9836486685	3580.4397829835975
452933.9836486685	3580.4397829835975
452933.9836486685	3580.4397829835975
toanvd
472780.40128969774	3598.5057987997184
472044.5120574837	3719.8627790430473
472780.40128969774	3598.5057987997184
472780.40128969774	3598.5057987997184
472780.40128969774	3598.5057987997184
472044.5120574837	3719.8627790430473
472780.40128969774	3598.5057987997184
472780.40128969774	3598.5057987997184
toanvd
483971.0904148194	3489.4424162342607
483971.0904148194	3489.4424162342607
483971.0904148194	3489.4424162342607
483971.0904148194	3489.4424162342607
483383.4199048817	3530.083964294397
toanvd
488308.98494185566	3556.3988112216234
488308.98494185566	3556.3988112216234
488308.98494185566	3556.3988112216234
488308.98494185566	3556.3988112216234
488308.98494185566	3556.3988112216234
488308.98494185566	3556.3988112216234
488308.98494185566	3556.3988112216234
488308.98494185566	3556.3988112216234
488308.98494185566	3556.3988112216234
488308.98494185566	3556.3988112216234
488308.98494185566	3556.3988112216234
488308.98494185566	3556.3988112216234
488308.98494185566	3556.3988112216234
488308.98494185566	3556.3988112216234
488308.98494185566	3556.3988112216234
488308.98494185566	3556.3988112216234
488308.98494185566	3556.3988112216234
488308.98494185566	3556.3988112216234
488308.98494185566	3556.3988112216234
488308.98494185566	3556.3988112216234
488308.98494185566	3556.3988112216234
488308.98494185566	3556.3988112216234
488308.98494185566	3556.3988112216234
toanvd
405475.3575381507	3230.040882041263
402399.5040182094	3380.9171188397454
405475.3575381507	3230.040882041263
405475.3575381507	3230.040882041263
toanvd
471722.6461331135	3783.035103744359
toanvd
468312.6450504546	3417.557519297335
468312.6450504546	3417.557519297335
468312.6450504546	3417.557519297335
toanvd
476200.7528156363	3355.53615668413
476200.7528156363	3355.53615668413
471075.5302821936	3580.4397829835975
471075.5302821936	3580.4397829835975
475185.6104730631	3575.6159160041407
475185.6104730631	3575.6159160041407
toanvd
460777.6853169232	3409.8087227118745
toanvd
454671.3255167118	3465.8933661435935
454671.3255167118	3465.8933661435935
454671.3255167118	3465.8933661435935
454671.3255167118	3465.8933661435935
454671.3255167118	3465.8933661435935
toanvd
478885.0922599365	3440.474041754125
478885.0922599365	3440.474041754125
478885.0922599365	3440.474041754125
478885.0922599365	3440.474041754125
478885.0922599365	3440.474041754125
478885.0922599365	3440.474041754125
478885.0922599365	3440.474041754125
478885.0922599365	3440.474041754125
478885.0922599365	3440.474041754125
478885.0922599365	3440.474041754125
478885.0922599365	3440.474041754125
478885.0922599365	3440.474041754125
478885.0922599365	3440.474041754125
478885.0922599365	3440.474041754125
474081.3043042645	3449.016449962463
478885.0922599365	3440.474041754125
478885.0922599365	3440.474041754125
478885.0922599365	3440.474041754125
478885.0922599365	3440.474041754125
478885.0922599365	3440.474041754125
478885.0922599365	3440.474041754125
478885.0922599365	3440.474041754125
478885.0922599365	3440.474041754125
478885.0922599365	3440.474041754125
478885.0922599365	3440.474041754125
478885.0922599365	3440.474041754125
478885.0922599365	3440.474041754125
478885.0922599365	3440.474041754125
478885.0922599365	3440.474041754125
478885.0922599365	3440.474041754125
478885.0922599365	3440.474041754125
478885.0922599365	3440.474041754125
478885.0922599365	3440.474041754125
478885.0922599365	3440.474041754125
478885.0922599365	3440.474041754125
478885.0922599365	3440.474041754125
toanvd
482065.8751897712	3391.1409452512926
toanvd
477936.69781810266	3555.128049299905
toanvd
483659.5019459015	3297.696861152309
483659.5019459015	3297.696861152309
483249.6247310528	3354.92840861438
483249.6247310528	3354.92840861438
toanvd
470401.60135927924	3479.9545838063464
470401.60135927924	3479.9545838063464
470401.60135927924	3479.9545838063464
470401.60135927924	3479.9545838063464
470401.60135927924	3479.9545838063464
toanvd
472360.0961768543	3389.611563267504
472360.0961768543	3389.611563267504
472360.0961768543	3389.611563267504
472360.0961768543	3389.611563267504
472360.0961768543	3389.611563267504
472360.0961768543	3389.611563267504
472360.0961768543	3389.611563267504
472360.0961768543	3389.611563267504
472360.0961768543	3389.611563267504
472360.0961768543	3389.611563267504
472360.0961768543	3389.611563267504
472360.0961768543	3389.611563267504
472360.0961768543	3389.611563267504
472360.0961768543	3389.611563267504
472360.0961768543	3389.611563267504
472360.0961768543	3389.611563267504
472360.0961768543	3389.611563267504
472360.0961768543	3389.611563267504
472360.0961768543	3389.611563267504
472360.0961768543	3389.611563267504
472360.0961768543	3389.611563267504
472360.0961768543	3389.611563267504
472360.0961768543	3389.611563267504
472360.0961768543	3389.611563267504
472360.0961768543	3389.611563267504
472360.0961768543	3389.611563267504
472360.0961768543	3389.611563267504
472360.0961768543	3389.611563267504
472360.0961768543	3389.611563267504
472360.0961768543	3389.611563267504
472360.0961768543	3389.611563267504
472360.0961768543	3389.611563267504
472360.0961768543	3389.611563267504
472360.0961768543	3389.611563267504
472360.0961768543	3389.611563267504
472360.0961768543	3389.611563267504
472360.0961768543	3389.611563267504
472360.0961768543	3389.611563267504
472360.0961768543	3389.611563267504
472360.0961768543	3389.611563267504
472360.0961768543	3389.611563267504
472360.0961768543	3389.611563267504
472360.0961768543	3389.611563267504
472360.0961768543	3389.611563267504
472360.0961768543	3389.611563267504
472360.0961768543	3389.611563267504
472360.0961768543	3389.611563267504
472360.0961768543	3389.611563267504
472360.0961768543	3389.611563267504
472360.0961768543	3389.611563267504
472360.0961768543	3389.611563267504
472360.0961768543	3389.611563267504
472360.0961768543	3389.611563267504
472360.0961768543	3389.611563267504
472360.0961768543	3389.611563267504
472360.0961768543	3389.611563267504
472360.0961768543	3389.611563267504
472360.0961768543	3389.611563267504
472360.0961768543	3389.611563267504
472360.0961768543	3389.611563267504
472360.0961768543	3389.611563267504
472360.0961768543	3389.611563267504
472360.0961768543	3389.611563267504
472360.0961768543	3389.611563267504
472360.0961768543	3389.611563267504
472360.0961768543	3389.611563267504
472360.0961768543	3389.611563267504
472360.0961768543	3389.611563267504
472360.0961768543	3389.611563267504
472360.0961768543	3389.611563267504
472360.0961768543	3389.611563267504
472360.0961768543	3389.611563267504
472360.0961768543	3389.611563267504
472360.0961768543	3389.611563267504
472360.0961768543	3389.611563267504
472360.0961768543	3389.611563267504
472360.0961768543	3389.611563267504
472360.0961768543	3389.611563267504
472360.0961768543	3389.611563267504
472360.0961768543	3389.611563267504
472360.0961768543	3389.611563267504
472360.0961768543	3389.611563267504
472360.0961768543	3389.611563267504
472360.0961768543	3389.611563267504
472360.0961768543	3389.611563267504
472360.0961768543	3389.611563267504
472360.0961768543	3389.611563267504
472360.0961768543	3389.611563267504
472360.0961768543	3389.611563267504
472360.0961768543	3389.611563267504
472360.0961768543	3389.611563267504
472360.0961768543	3389.611563267504
472360.0961768543	3389.611563267504
472360.0961768543	3389.611563267504
472360.0961768543	3389.611563267504
472360.0961768543	3389.611563267504
472360.0961768543	3389.611563267504
472360.0961768543	3389.611563267504
472360.0961768543	3389.611563267504
472360.0961768543	3389.611563267504
472360.0961768543	3389.611563267504
472360.0961768543	3389.611563267504
472360.0961768543	3389.611563267504
472360.0961768543	3389.611563267504
472360.0961768543	3389.611563267504
472360.0961768543	3389.611563267504
472360.0961768543	3389.611563267504
472360.0961768543	3389.611563267504
472360.0961768543	3389.611563267504
472360.0961768543	3389.611563267504
472360.0961768543	3389.611563267504
472360.0961768543	3389.611563267504
472360.0961768543	3389.611563267504
472360.0961768543	3389.611563267504
472360.0961768543	3389.611563267504
472360.0961768543	3389.611563267504
472360.0961768543	3389.611563267504
472360.0961768543	3389.611563267504
472360.0961768543	3389.611563267504
472360.0961768543	3389.611563267504
472360.0961768543	3389.611563267504
472360.0961768543	3389.611563267504
472360.0961768543	3389.611563267504
472360.0961768543	3389.611563267504
472360.0961768543	3389.611563267504
472360.0961768543	3389.611563267504
472360.0961768543	3389.611563267504
472360.0961768543	3389.611563267504
472360.0961768543	3389.611563267504
472360.0961768543	3389.611563267504
472360.0961768543	3389.611563267504
472360.0961768543	3389.611563267504
472360.0961768543	3389.611563267504
472360.0961768543	3389.611563267504
472360.0961768543	3389.611563267504
472360.0961768543	3389.611563267504
472360.0961768543	3389.611563267504
472360.0961768543	3389.611563267504
472360.0961768543	3389.611563267504
472360.0961768543	3389.611563267504
472360.0961768543	3389.611563267504
472360.0961768543	3389.611563267504
472360.0961768543	3389.611563267504
472360.0961768543	3389.611563267504
472360.0961768543	3389.611563267504
472360.0961768543	3389.611563267504
472360.0961768543	3389.611563267504
472360.0961768543	3389.611563267504
472360.0961768543	3389.611563267504
472360.0961768543	3389.611563267504
472360.0961768543	3389.611563267504
472360.0961768543	3389.611563267504
472360.0961768543	3389.611563267504
472360.0961768543	3389.611563267504
472360.0961768543	3389.611563267504
472360.0961768543	3389.611563267504
472360.0961768543	3389.611563267504
472360.0961768543	3389.611563267504
472360.0961768543	3389.611563267504
472360.0961768543	3389.611563267504
472360.0961768543	3389.611563267504
472360.0961768543	3389.611563267504
472360.0961768543	3389.611563267504
472360.0961768543	3389.611563267504
472360.0961768543	3389.611563267504
472360.0961768543	3389.611563267504
472360.0961768543	3389.611563267504
472360.0961768543	3389.611563267504
472360.0961768543	3389.611563267504
472360.0961768543	3389.611563267504
toanvd
469533.7005791658	3633.230724501853
468594.5653073626	3686.1175524195123
468594.5653073626	3686.1175524195123
472394.3575711478	3465.7062967984825
472394.3575711478	3465.7062967984825
472394.3575711478	3465.7062967984825
469533.7005791658	3633.230724501853
469533.7005791658	3633.230724501853
469533.7005791658	3633.230724501853
469533.7005791658	3633.230724501853
469533.7005791658	3633.230724501853
469533.7005791658	3633.230724501853
469533.7005791658	3633.230724501853
469533.7005791658	3633.230724501853
469533.7005791658	3633.230724501853
469533.7005791658	3633.230724501853
469533.7005791658	3633.230724501853
469533.7005791658	3633.230724501853
469533.7005791658	3633.230724501853
469533.7005791658	3633.230724501853
469533.7005791658	3633.230724501853
469533.7005791658	3633.230724501853
469533.7005791658	3633.230724501853
469533.7005791658	3633.230724501853
469533.7005791658	3633.230724501853
469533.7005791658	3633.230724501853
469533.7005791658	3633.230724501853
469533.7005791658	3633.230724501853
469533.7005791658	3633.230724501853
469533.7005791658	3633.230724501853
469533.7005791658	3633.230724501853
469533.7005791658	3633.230724501853
469533.7005791658	3633.230724501853
469533.7005791658	3633.230724501853
469533.7005791658	3633.230724501853
469533.7005791658	3633.230724501853
469533.7005791658	3633.230724501853
469533.7005791658	3633.230724501853
469533.7005791658	3633.230724501853
469533.7005791658	3633.230724501853
469533.7005791658	3633.230724501853
469533.7005791658	3633.230724501853
469533.7005791658	3633.230724501853
469533.7005791658	3633.230724501853
469533.7005791658	3633.230724501853
469533.7005791658	3633.230724501853
469533.7005791658	3633.230724501853
469533.7005791658	3633.230724501853
469533.7005791658	3633.230724501853
469533.7005791658	3633.230724501853
469533.7005791658	3633.230724501853
469533.7005791658	3633.230724501853
469533.7005791658	3633.230724501853
469533.7005791658	3633.230724501853
469533.7005791658	3633.230724501853
469533.7005791658	3633.230724501853
469533.7005791658	3633.230724501853
469533.7005791658	3633.230724501853
469533.7005791658	3633.230724501853
469533.7005791658	3633.230724501853
469533.7005791658	3633.230724501853
469533.7005791658	3633.230724501853
469533.7005791658	3633.230724501853
469533.7005791658	3633.230724501853
469533.7005791658	3633.230724501853
469533.7005791658	3633.230724501853
469533.7005791658	3633.230724501853
469533.7005791658	3633.230724501853
469533.7005791658	3633.230724501853
469533.7005791658	3633.230724501853
469533.7005791658	3633.230724501853
469533.7005791658	3633.230724501853
469533.7005791658	3633.230724501853
469533.7005791658	3633.230724501853
469533.7005791658	3633.230724501853
469533.7005791658	3633.230724501853
469533.7005791658	3633.230724501853
469533.7005791658	3633.230724501853
469533.7005791658	3633.230724501853
469533.7005791658	3633.230724501853
469533.7005791658	3633.230724501853
469533.7005791658	3633.230724501853
469533.7005791658	3633.230724501853
469533.7005791658	3633.230724501853
469533.7005791658	3633.230724501853
469533.7005791658	3633.230724501853
toanvd
486227.56854662596	3473.921062441454
486227.56854662596	3473.921062441454
486227.56854662596	3473.921062441454
486227.56854662596	3473.921062441454
486227.56854662596	3473.921062441454
486227.56854662596	3473.921062441454
486227.56854662596	3473.921062441454
486227.56854662596	3473.921062441454
486227.56854662596	3473.921062441454
486227.56854662596	3473.921062441454
toanvd
475542.6269295334	3458.8379567342918
475542.6269295334	3458.8379567342918
475542.6269295334	3458.8379567342918
475542.6269295334	3458.8379567342918
475542.6269295334	3458.8379567342918
475542.6269295334	3458.8379567342918
475542.6269295334	3458.8379567342918
475542.6269295334	3458.8379567342918
475542.6269295334	3458.8379567342918
475542.6269295334	3458.8379567342918
475542.6269295334	3458.8379567342918
475542.6269295334	3458.8379567342918
475542.6269295334	3458.8379567342918
475542.6269295334	3458.8379567342918
475337.2262520467	3481.514704867674
toanvd
471386.4157419924	3255.459209270398
471386.4157419924	3255.459209270398
471386.4157419924	3255.459209270398
471386.4157419924	3255.459209270398
471386.4157419924	3255.459209270398
471386.4157419924	3255.459209270398
471386.4157419924	3255.459209270398
471386.4157419924	3255.459209270398
471386.4157419924	3255.459209270398
471386.4157419924	3255.459209270398
471386.4157419924	3255.459209270398
471386.4157419924	3255.459209270398
471386.4157419924	3255.459209270398
471386.4157419924	3255.459209270398
471386.4157419924	3255.459209270398
471386.4157419924	3255.459209270398
471386.4157419924	3255.459209270398
471386.4157419924	3255.459209270398
471386.4157419924	3255.459209270398
471386.4157419924	3255.459209270398
471386.4157419924	3255.459209270398
471386.4157419924	3255.459209270398
471386.4157419924	3255.459209270398
471386.4157419924	3255.459209270398
471386.4157419924	3255.459209270398
471386.4157419924	3255.459209270398
471386.4157419924	3255.459209270398
471386.4157419924	3255.459209270398
471386.4157419924	3255.459209270398
471386.4157419924	3255.459209270398
471386.4157419924	3255.459209270398
471386.4157419924	3255.459209270398
471386.4157419924	3255.459209270398
471386.4157419924	3255.459209270398
471386.4157419924	3255.459209270398
470487.3783225566	3522.5896980640564
471386.4157419924	3255.459209270398
471386.4157419924	3255.459209270398
471386.4157419924	3255.459209270398
471386.4157419924	3255.459209270398
471386.4157419924	3255.459209270398
toanvd
458171.52929340565	3408.1524756298363
toanvd
463836.2466062298	3478.142126828482
463836.2466062298	3478.142126828482
463780.21836149594	3500.61884675958
463780.21836149594	3500.61884675958
toanvd
476118.9145333202	3300.1151973457067
476118.9145333202	3300.1151973457067
476118.9145333202	3300.1151973457067
476118.9145333202	3300.1151973457067
476118.9145333202	3300.1151973457067
476118.9145333202	3300.1151973457067
476118.9145333202	3300.1151973457067
476118.9145333202	3300.1151973457067
476118.9145333202	3300.1151973457067
476118.9145333202	3300.1151973457067
476118.9145333202	3300.1151973457067
476118.9145333202	3300.1151973457067
476118.9145333202	3300.1151973457067
476118.9145333202	3300.1151973457067
476118.9145333202	3300.1151973457067
476118.9145333202	3300.1151973457067
476118.9145333202	3300.1151973457067
476118.9145333202	3300.1151973457067
476118.9145333202	3300.1151973457067
476118.9145333202	3300.1151973457067
476118.9145333202	3300.1151973457067
476118.9145333202	3300.1151973457067
476118.9145333202	3300.1151973457067
476118.9145333202	3300.1151973457067
476118.9145333202	3300.1151973457067
476118.9145333202	3300.1151973457067
476118.9145333202	3300.1151973457067
476118.9145333202	3300.1151973457067
476118.9145333202	3300.1151973457067
476118.9145333202	3300.1151973457067
476118.9145333202	3300.1151973457067
476118.9145333202	3300.1151973457067
476118.9145333202	3300.1151973457067
476118.9145333202	3300.1151973457067
476118.9145333202	3300.1151973457067
476118.9145333202	3300.1151973457067
476118.9145333202	3300.1151973457067
476118.9145333202	3300.1151973457067
476118.9145333202	3300.1151973457067
476118.9145333202	3300.1151973457067
476118.9145333202	3300.1151973457067
476118.9145333202	3300.1151973457067
476118.9145333202	3300.1151973457067
476118.9145333202	3300.1151973457067
476118.9145333202	3300.1151973457067
476118.9145333202	3300.1151973457067
476118.9145333202	3300.1151973457067
476118.9145333202	3300.1151973457067
476118.9145333202	3300.1151973457067
476118.9145333202	3300.1151973457067
476118.9145333202	3300.1151973457067
476118.9145333202	3300.1151973457067
476118.9145333202	3300.1151973457067
476118.9145333202	3300.1151973457067
476118.9145333202	3300.1151973457067
476118.9145333202	3300.1151973457067
476118.9145333202	3300.1151973457067
476118.9145333202	3300.1151973457067
476118.9145333202	3300.1151973457067
476118.9145333202	3300.1151973457067
476118.9145333202	3300.1151973457067
476118.9145333202	3300.1151973457067
476118.9145333202	3300.1151973457067
476118.9145333202	3300.1151973457067
476118.9145333202	3300.1151973457067
476118.9145333202	3300.1151973457067
476118.9145333202	3300.1151973457067
476118.9145333202	3300.1151973457067
476118.9145333202	3300.1151973457067
476118.9145333202	3300.1151973457067
476118.9145333202	3300.1151973457067
476118.9145333202	3300.1151973457067
476118.9145333202	3300.1151973457067
476118.9145333202	3300.1151973457067
476118.9145333202	3300.1151973457067
476118.9145333202	3300.1151973457067
476118.9145333202	3300.1151973457067
476118.9145333202	3300.1151973457067
476118.9145333202	3300.1151973457067
476118.9145333202	3300.1151973457067
476118.9145333202	3300.1151973457067
476118.9145333202	3300.1151973457067
476118.9145333202	3300.1151973457067
476118.9145333202	3300.1151973457067
476118.9145333202	3300.1151973457067
476118.9145333202	3300.1151973457067
476118.9145333202	3300.1151973457067
476118.9145333202	3300.1151973457067
476118.9145333202	3300.1151973457067
476118.9145333202	3300.1151973457067
476118.9145333202	3300.1151973457067
476118.9145333202	3300.1151973457067
476118.9145333202	3300.1151973457067
476118.9145333202	3300.1151973457067
476118.9145333202	3300.1151973457067
476118.9145333202	3300.1151973457067
476118.9145333202	3300.1151973457067
476118.9145333202	3300.1151973457067
476118.9145333202	3300.1151973457067
476118.9145333202	3300.1151973457067
476118.9145333202	3300.1151973457067
476118.9145333202	3300.1151973457067
476118.9145333202	3300.1151973457067
476118.9145333202	3300.1151973457067
476118.9145333202	3300.1151973457067
476118.9145333202	3300.1151973457067
476118.9145333202	3300.1151973457067
476118.9145333202	3300.1151973457067
476118.9145333202	3300.1151973457067
476118.9145333202	3300.1151973457067
476118.9145333202	3300.1151973457067
476118.9145333202	3300.1151973457067
476118.9145333202	3300.1151973457067
476118.9145333202	3300.1151973457067
476118.9145333202	3300.1151973457067
476118.9145333202	3300.1151973457067
476118.9145333202	3300.1151973457067
476118.9145333202	3300.1151973457067
476118.9145333202	3300.1151973457067
476118.9145333202	3300.1151973457067
476118.9145333202	3300.1151973457067
476118.9145333202	3300.1151973457067
476118.9145333202	3300.1151973457067
476118.9145333202	3300.1151973457067
476118.9145333202	3300.1151973457067
476118.9145333202	3300.1151973457067
476118.9145333202	3300.1151973457067
476118.9145333202	3300.1151973457067
476118.9145333202	3300.1151973457067
476118.9145333202	3300.1151973457067
476118.9145333202	3300.1151973457067
476118.9145333202	3300.1151973457067
476118.9145333202	3300.1151973457067
476118.9145333202	3300.1151973457067
476118.9145333202	3300.1151973457067
476118.9145333202	3300.1151973457067
476118.9145333202	3300.1151973457067
476118.9145333202	3300.1151973457067
476118.9145333202	3300.1151973457067
476118.9145333202	3300.1151973457067
476118.9145333202	3300.1151973457067
476118.9145333202	3300.1151973457067
476118.9145333202	3300.1151973457067
476118.9145333202	3300.1151973457067
476118.9145333202	3300.1151973457067
476118.9145333202	3300.1151973457067
476118.9145333202	3300.1151973457067
476118.9145333202	3300.1151973457067
476118.9145333202	3300.1151973457067
476118.9145333202	3300.1151973457067
476118.9145333202	3300.1151973457067
476118.9145333202	3300.1151973457067
476118.9145333202	3300.1151973457067
476118.9145333202	3300.1151973457067
476118.9145333202	3300.1151973457067
476118.9145333202	3300.1151973457067
476118.9145333202	3300.1151973457067
476118.9145333202	3300.1151973457067
476118.9145333202	3300.1151973457067
476118.9145333202	3300.1151973457067
476118.9145333202	3300.1151973457067
476118.9145333202	3300.1151973457067
476118.9145333202	3300.1151973457067
476118.9145333202	3300.1151973457067
476118.9145333202	3300.1151973457067
476118.9145333202	3300.1151973457067
476118.9145333202	3300.1151973457067
476118.9145333202	3300.1151973457067
476118.9145333202	3300.1151973457067
476118.9145333202	3300.1151973457067
476118.9145333202	3300.1151973457067
476118.9145333202	3300.1151973457067
476118.9145333202	3300.1151973457067
476118.9145333202	3300.1151973457067
476118.9145333202	3300.1151973457067
476118.9145333202	3300.1151973457067
476118.9145333202	3300.1151973457067
476118.9145333202	3300.1151973457067
476118.9145333202	3300.1151973457067
476118.9145333202	3300.1151973457067
toanvd
476760.96872549853	3542.134784541667
476760.96872549853	3542.134784541667
476760.96872549853	3542.134784541667
476760.96872549853	3542.134784541667
476760.96872549853	3542.134784541667
476760.96872549853	3542.134784541667
476760.96872549853	3542.134784541667
476760.96872549853	3542.134784541667
476760.96872549853	3542.134784541667
476760.96872549853	3542.134784541667
476760.96872549853	3542.134784541667
476760.96872549853	3542.134784541667
toanvd
460874.590504337	3495.4418461893097
460874.590504337	3495.4418461893097
460874.590504337	3495.4418461893097
460874.590504337	3495.4418461893097
459509.03378373606	3522.050216733453
459509.03378373606	3522.050216733453
459509.03378373606	3522.050216733453
toanvd
473729.6858800981	3713.5390258105394
473729.6858800981	3713.5390258105394
toanvd
489858.56360319065	3267.885727136205
489858.56360319065	3267.885727136205
489858.56360319065	3267.885727136205
489858.56360319065	3267.885727136205
489858.56360319065	3267.885727136205
487534.87341111543	3499.424396762914
487534.87341111543	3499.424396762914
487534.87341111543	3499.424396762914
487534.87341111543	3499.424396762914
487534.87341111543	3499.424396762914
487534.87341111543	3499.424396762914
487534.87341111543	3499.424396762914
487534.87341111543	3499.424396762914
toanvd
462839.6683407614	3486.4892479382515
462839.6683407614	3486.4892479382515
462839.6683407614	3486.4892479382515
toanvd
472001.0688053317	3476.3771027282496
472001.0688053317	3476.3771027282496
472001.0688053317	3476.3771027282496
472001.0688053317	3476.3771027282496
472001.0688053317	3476.3771027282496
472001.0688053317	3476.3771027282496
472001.0688053317	3476.3771027282496
472001.0688053317	3476.3771027282496
toanvd
                                                                         480984.5026717974	3851.8887807090023
480984.5026717974	3851.8887807090023
480984.5026717974	3851.8887807090023
480984.5026717974	3851.8887807090023
480984.5026717974	3851.8887807090023
480984.5026717974	3851.8887807090023
480984.5026717974	3851.8887807090023
480984.5026717974	3851.8887807090023
480984.5026717974	3851.8887807090023
480984.5026717974	3851.8887807090023
480984.5026717974	3851.8887807090023
480984.5026717974	3851.8887807090023
480984.5026717974	3851.8887807090023
480984.5026717974	3851.8887807090023
480984.5026717974	3851.8887807090023
480984.5026717974	3851.8887807090023
480984.5026717974	3851.8887807090023
480984.5026717974	3851.8887807090023
480984.5026717974	3851.8887807090023
480984.5026717974	3851.8887807090023
480984.5026717974	3851.8887807090023
480984.5026717974	3851.8887807090023
480984.5026717974	3851.8887807090023
480984.5026717974	3851.8887807090023
480984.5026717974	3851.8887807090023
480984.5026717974	3851.8887807090023
480984.5026717974	3851.8887807090023
480984.5026717974	3851.8887807090023
480984.5026717974	3851.8887807090023
480984.5026717974	3851.8887807090023
480984.5026717974	3851.8887807090023
480984.5026717974	3851.8887807090023
480984.5026717974	3851.8887807090023
480984.5026717974	3851.8887807090023
480984.5026717974	3851.8887807090023
480984.5026717974	3851.8887807090023
480984.5026717974	3851.8887807090023
480984.5026717974	3851.8887807090023
480984.5026717974	3851.8887807090023
480984.5026717974	3851.8887807090023
480984.5026717974	3851.8887807090023
480984.5026717974	3851.8887807090023
480984.5026717974	3851.8887807090023
480984.5026717974	3851.8887807090023
480984.5026717974	3851.8887807090023
480984.5026717974	3851.8887807090023
480984.5026717974	3851.8887807090023
480984.5026717974	3851.8887807090023
480984.5026717974	3851.8887807090023
480984.5026717974	3851.8887807090023
480984.5026717974	3851.8887807090023
toanvd
472428.14483423217	3650.6606397857418
472428.14483423217	3650.6606397857418
472428.14483423217	3650.6606397857418
472428.14483423217	3650.6606397857418
472428.14483423217	3650.6606397857418
472428.14483423217	3650.6606397857418
472428.14483423217	3650.6606397857418
472428.14483423217	3650.6606397857418
472428.14483423217	3650.6606397857418
472428.14483423217	3650.6606397857418
472428.14483423217	3650.6606397857418
472428.14483423217	3650.6606397857418
472428.14483423217	3650.6606397857418
472428.14483423217	3650.6606397857418
472428.14483423217	3650.6606397857418
472428.14483423217	3650.6606397857418
472428.14483423217	3650.6606397857418
472428.14483423217	3650.6606397857418
472428.14483423217	3650.6606397857418
472428.14483423217	3650.6606397857418
472428.14483423217	3650.6606397857418
472428.14483423217	3650.6606397857418
472428.14483423217	3650.6606397857418
472428.14483423217	3650.6606397857418
472428.14483423217	3650.6606397857418
472428.14483423217	3650.6606397857418
472428.14483423217	3650.6606397857418
472428.14483423217	3650.6606397857418
472428.14483423217	3650.6606397857418
472428.14483423217	3650.6606397857418
472428.14483423217	3650.6606397857418
472428.14483423217	3650.6606397857418
472428.14483423217	3650.6606397857418
472428.14483423217	3650.6606397857418
476576.57200806105	3523.269799168765
472428.14483423217	3650.6606397857418
472428.14483423217	3650.6606397857418
472428.14483423217	3650.6606397857418
472428.14483423217	3650.6606397857418
472428.14483423217	3650.6606397857418
toanvd
485424.38346402074	3647.749901846258
485424.38346402074	3647.749901846258
485424.38346402074	3647.749901846258
485424.38346402074	3647.749901846258
485424.38346402074	3647.749901846258
485424.38346402074	3647.749901846258
485424.38346402074	3647.749901846258
485424.38346402074	3647.749901846258
toanvd
460248.98399849684	3705.4861484399075
toanvd
