4558.56515133345	2746.1782270247336
1911.1028125867142	4461.176673155519
1682.4598352510393	2703.1009767851183
861.6958861882517	4225.491095408511
2833.8735725038277	4120.049137796336
2758.8928934849946	2247.4446888601246
4162.791152533921	1585.7782114247707
3387.8241435684445	1508.3129103551382
3067.247880156237	2314.4728828393822
3972.2298551452755	3773.557967725465
3754.92948595966	924.2448720467378
2024.1216768988047	2198.124452655249
5231.418818375008	2309.9340417009744
4033.990348336651	5092.820936785177
3261.0732675490353	3290.9200328657025
3683.373649824006	4239.1733850315295
3718.2843512408945	3740.364986169464
3792.2344831531113	3117.5576643247705
2262.9714589717178	4058.464072953019
2372.3743846630678	1521.5115356923811
4533.308376051203	3640.781570169265
2483.2576538713793	2847.7093732277167
2847.3359731004766	4566.230467805976
3411.7765031294116	6105.39889808293
2687.5566453111546	2595.3839584111174
3053.9268735069672	3703.185298004729
4408.938758597468	2309.3448756612406
4703.317364055158	5105.344554747415
2992.754318595103	3472.950259304593
865.0020186203378	5273.3257232272235
3664.3599884213204	2617.1161775589594
2803.9703279386717	3732.983173308155
3270.7540203803997	3000.992183853724
3598.1423187708083	3028.331245976172
2517.5796696658476	3947.3438013748055
4374.168116658653	3363.507709347341
3006.447282960937	2920.2512848446268
2119.692060126458	2197.3762742543195
2652.205980139814	2067.70714262339
2241.8099993506708	1106.5723618224906
2637.6655026257163	2246.1144375956924
3449.809737112716	4235.351025886426
2935.5172626859867	2110.5022484637666
3124.860743849447	3142.990900699017
3665.340268258168	3255.61097066305
2315.5567372795986	3305.821412231509
3303.5731481274147	3806.381534912591
3341.4846545302476	3555.107756679309
1043.199045982865	2025.4528490999558
3200.926197495468	2223.520372431335
2625.374900539648	1463.2053217986938
3401.217078793158	3372.538522709096
4548.349991977718	2875.468130518206
1381.777754206489	3976.1370428332157
2225.490819296282	3004.5366148672747
2263.2946946449447	2585.428445493399
1405.0977668668825	5402.983190873097
1409.9594319580378	3526.3228257492397
1667.6603493082805	2731.7815553534165
2866.2624906306783	2766.945956835075
3522.0916728001876	214.38159769971054
1560.4640474282494	2499.986192676381
4071.247973606369	4280.315936458856
2862.782416768212	3136.180525215364
3967.566687054384	2887.6454011424053
1476.1302533060427	3202.275006030259
1808.6668414264923	4046.0111709648004
3987.751365047983	4837.686887317853
2614.177701723351	4290.5399309060285
2419.3693292983303	4335.663441986567
3131.300340731748	1499.8833427353115
2406.0404161440356	2637.7445805701695
3304.8456584027026	3648.578706329267
2565.821334277884	1820.4935188483876
2279.210086160515	3357.250266813863
4691.591948779629	584.5723550156237
1937.2676468180741	4658.359272274402
1941.8110700007212	3662.305022348492
2014.0372030360472	2703.9860506430236
2831.497131400827	1907.1795268761084
3360.36617071034	2214.948155557497
2866.2075231601557	3475.4843822730513
4219.583835837718	3861.31176632607
4937.751210294177	3529.259205831948
2513.791380276207	3105.4475430011694
3096.579728792392	3960.0514375956564
4855.091437005381	4285.446422240476
1884.1273122530438	2470.2820157279134
2130.1779328297835	1881.6611869074986
2190.789380529346	2387.243399838748
2702.545631968358	3208.953709649739
2946.545522064419	4101.340874961163
1206.513965936652	5006.915661797619
3702.6124982835004	2585.859396197733
2816.4103223133266	4527.16575344134
3302.3572131935985	3165.4608610746245
1450.3888017148017	3128.2829553116785
2730.3288035873984	1579.8845536714723
2096.359164317949	2881.2083242308404
2713.8534603642524	3413.353453294808
2580.0573747197777	1552.1924129924566
1763.2932130537877	4552.086093777231
3119.3969436112543	3408.753713174903
2948.056684213493	2910.735531286756
3437.3354864816406	2597.9924931229566
2942.000272442097	3027.6025132919763
2906.8411893343205	3490.939993221536
3969.990675267428	1363.7121393957905
2802.656827580289	3518.4878775180814
1968.403616726671	3672.3483609286973
4052.0317925581253	2193.2332181035877
3380.151485395204	880.5573407631604
3197.383715586419	2444.206274139396
2789.9936702615723	2593.7820805571077
2535.9493483676597	3367.85190080654
2745.3009424907136	1326.7512355872432
1569.0726138232058	2175.9807491709707
5045.688528006383	1849.373056704603
2970.6493981098506	3372.7054887704053
3367.7229126171537	3362.9097491313155
4395.350007366526	1206.0862796730642
1271.6216216139042	4797.349115339235
1981.376164451178	1355.1822361575605
2064.840237802826	3352.7688352624073
3771.1768640857963	1857.6675568354283
3897.8836761813027	4377.766204672609
3582.170352842713	4122.136967960293
1689.8380374442852	3700.97602072044
3345.1811861505375	4602.310910316227
3923.574454041006	4469.308702460923
3465.578644567433	4228.91823469916
4214.11120724595	3240.169655883573
3770.2083736418526	5120.177505469334
2873.038065532168	2778.0298132766084
2209.0949539289422	2454.502760330512
1981.4818429602064	2724.080937417871
4462.25574247728	1795.2693533870172
2544.531286691279	1986.3604488049639
3444.985230886306	4021.0915754923385
1741.3256505053264	1161.01745168712
2664.9784331252554	4214.73933261608
3063.9296820631816	4629.892977232415
2587.8961816642823	4153.685028693023
2538.2901627140172	2494.758169477657
4648.557765836805	2156.204385913338
1885.9138622027028	2660.5854466644396
3496.018895847988	2634.006981962967
3779.926583032821	4667.463675071954
3457.9010633823054	4266.428849916851
2304.659888064403	3560.682541080853
4029.6533656676293	4829.353746289815
5077.068836620548	4292.2988284409485
3187.231304808636	2835.442542966377
1316.6714989195852	4753.109929018181
2071.1635345313134	4822.72725088924
4205.582753832331	98.66548322135138
1075.5671479803311	3613.9196576110544
3234.4388503351065	1078.3439502147346
2593.598932582245	2781.778643003164
2815.4798409292725	3252.1528543737977
2124.166496506947	4057.2554755039096
2763.251209382689	2922.110455787968
2106.149921874153	2632.7678773510183
3602.1905253570726	2375.517776589914
4313.663574782079	3230.152764905813
1672.5318691646914	3440.3020642406723
2801.909497931955	4000.2021656100587
3909.139974391631	4740.078050046454
2734.641280187373	2866.1198260211545
3693.604929977316	4086.6783844062534
3297.081346971279	2640.899841665167
1796.559727483333	1602.6502787054924
3821.9846668836626	2548.0538392636226
4487.0719863165605	3549.6117106788142
3076.247375342768	892.9087826888087
2889.718802474581	4571.680409037103
3295.654785575288	4052.954224379846
3937.696430057989	4297.005498302985
4535.880607157836	4870.955778875752
4323.222232990828	3448.622963694324
3537.7793668954914	2657.203609266469
3066.839417031565	2636.3614686014816
2638.074057235916	4466.322857295609
3593.2613747823616	4887.702199961656
408.4924651891959	2435.6264727616767
2658.0654564481583	2923.008523772084
4204.208427228267	3910.3822693473094
1424.5678288969646	2383.7284397704348
3452.8703153504066	2804.848959361247
3419.615130059742	1901.4009092360106
3829.1802371535096	4067.063897637075
919.880137587695	1592.8838945038399
3577.499612290735	2405.0493697084407
3182.161725533605	1586.0277720277609
3195.4495328838584	3050.9635279988825
2520.7551293906554	4041.00841261961
4221.840854380944	3163.547509135432
3335.5779469523404	2954.2628186880497
2907.291805189191	4219.031524806762
3600.1852088998753	3675.994293569738
