249519.93892896557	3698.202710244754
249519.93892896557	3698.202710244754
246859.67102130668	3722.5245308456747
246384.7311351271	3846.3122009203257
246384.7311351271	3846.3122009203257
toanvd
248920.1984480592	4433.937710662138
248920.1984480592	4433.937710662138
248920.1984480592	4433.937710662138
248920.1984480592	4433.937710662138
248920.1984480592	4433.937710662138
279716.09463204665	3983.520505105596
248920.1984480592	4433.937710662138
255486.10432321558	4153.804589079478
255486.10432321558	4153.804589079478
toanvd
249806.69432017117	3676.9256490591542
toanvd
251842.33363398505	3681.9853068631883
260511.8860669473	3677.7811013364603
260511.8860669473	3677.7811013364603
toanvd
248627.9022170929	3567.060017910759
248627.9022170929	3567.060017910759
248627.9022170929	3567.060017910759
248627.9022170929	3567.060017910759
248627.9022170929	3567.060017910759
248627.9022170929	3567.060017910759
248627.9022170929	3567.060017910759
248627.9022170929	3567.060017910759
248627.9022170929	3567.060017910759
248627.9022170929	3567.060017910759
248627.9022170929	3567.060017910759
248627.9022170929	3567.060017910759
248627.9022170929	3567.060017910759
248627.9022170929	3567.060017910759
248627.9022170929	3567.060017910759
248627.9022170929	3567.060017910759
248627.9022170929	3567.060017910759
248627.9022170929	3567.060017910759
248627.9022170929	3567.060017910759
248627.9022170929	3567.060017910759
248627.9022170929	3567.060017910759
248627.9022170929	3567.060017910759
248627.9022170929	3567.060017910759
248627.9022170929	3567.060017910759
248627.9022170929	3567.060017910759
248627.9022170929	3567.060017910759
248627.9022170929	3567.060017910759
248627.9022170929	3567.060017910759
248627.9022170929	3567.060017910759
248627.9022170929	3567.060017910759
248627.9022170929	3567.060017910759
248627.9022170929	3567.060017910759
248627.9022170929	3567.060017910759
248627.9022170929	3567.060017910759
248627.9022170929	3567.060017910759
248627.9022170929	3567.060017910759
244212.44132822333	3586.0161280858124
toanvd
244970.40742131995	4028.1259651158825
244970.40742131995	4028.1259651158825
248887.825151972	3971.877604056748
244970.40742131995	4028.1259651158825
244970.40742131995	4028.1259651158825
244970.40742131995	4028.1259651158825
261123.0546787606	3936.336171119342
261123.0546787606	3936.336171119342
261123.0546787606	3936.336171119342
261123.0546787606	3936.336171119342
261123.0546787606	3936.336171119342
261123.0546787606	3936.336171119342
261123.0546787606	3936.336171119342
261123.0546787606	3936.336171119342
261123.0546787606	3936.336171119342
261123.0546787606	3936.336171119342
261123.0546787606	3936.336171119342
261123.0546787606	3936.336171119342
toanvd
242635.9541899803	3736.472317514896
243606.10788382604	3725.0621119422167
toanvd
244449.96189479076	3828.518414015914
244449.96189479076	3828.518414015914
244439.66855891637	3854.276583106055
244374.31935877306	3921.041607582745
244449.96189479076	3828.518414015914
244374.31935877306	3921.041607582745
244439.66855891637	3854.276583106055
244374.31935877306	3921.041607582745
244439.66855891637	3854.276583106055
toanvd
246758.25327266133	3665.8824631561342
toanvd
258765.01177363645	3527.4336314831776
250348.02902887418	3564.1418808660314
258765.01177363645	3527.4336314831776
250348.02902887418	3564.1418808660314
toanvd
246734.92769946306	3462.505501524906
252206.5716551586	3439.639458905667
245191.2233188754	3659.0285098417867
247304.27540205172	3444.6054556415147
toanvd
243311.8842575453	3611.997989725976
243417.78538116268	3583.716764608074
243417.78538116268	3583.716764608074
243417.78538116268	3583.716764608074
243417.78538116268	3583.716764608074
243417.78538116268	3583.716764608074
243417.78538116268	3583.716764608074
243417.78538116268	3583.716764608074
243417.78538116268	3583.716764608074
toanvd
240443.66676882826	3752.8640594610247
238468.8913088146	3754.61355744988
238468.8913088146	3754.61355744988
toanvd
242707.8586700944	3909.31845977451
242707.8586700944	3909.31845977451
242707.8586700944	3909.31845977451
243363.7539232802	3697.2188397678815
242707.8586700944	3909.31845977451
242707.8586700944	3909.31845977451
toanvd
266109.3329659622	3871.279875187064
266109.3329659622	3871.279875187064
264092.03241507476	3943.62122163691
262037.07958822307	3993.57623198399
266109.3329659622	3871.279875187064
264092.03241507476	3943.62122163691
264092.03241507476	3943.62122163691
toanvd
238534.59296886108	3938.4581944005618
239001.8938879712	3680.3527428992925
239001.8938879712	3680.3527428992925
239001.8938879712	3680.3527428992925
238534.59296886108	3938.4581944005618
239001.8938879712	3680.3527428992925
239001.8938879712	3680.3527428992925
toanvd
253909.64645403632	3773.4937586585525
250779.94474233538	3822.983715981181
250779.94474233538	3822.983715981181
250779.94474233538	3822.983715981181
250779.94474233538	3822.983715981181
250779.94474233538	3822.983715981181
250779.94474233538	3822.983715981181
250779.94474233538	3822.983715981181
250779.94474233538	3822.983715981181
250779.94474233538	3822.983715981181
250779.94474233538	3822.983715981181
250779.94474233538	3822.983715981181
250779.94474233538	3822.983715981181
250779.94474233538	3822.983715981181
250779.94474233538	3822.983715981181
253909.64645403632	3773.4937586585525
250779.94474233538	3822.983715981181
250779.94474233538	3822.983715981181
250779.94474233538	3822.983715981181
250779.94474233538	3822.983715981181
254084.91199854837	3765.1395940011835
254084.91199854837	3765.1395940011835
254084.91199854837	3765.1395940011835
254084.91199854837	3765.1395940011835
254084.91199854837	3765.1395940011835
254084.91199854837	3765.1395940011835
254084.91199854837	3765.1395940011835
254607.09475868687	3757.9293530636933
254084.91199854837	3765.1395940011835
254084.91199854837	3765.1395940011835
254084.91199854837	3765.1395940011835
toanvd
248413.86691158035	3640.2172956612258
248410.98811548448	3725.0621119422167
toanvd
261310.14551452923	3787.023619190534
254867.23528428748	4081.9683048443426
254867.23528428748	4081.9683048443426
254867.23528428748	4081.9683048443426
261310.14551452923	3787.023619190534
254867.23528428748	4081.9683048443426
254867.23528428748	4081.9683048443426
254867.23528428748	4081.9683048443426
toanvd
250650.11093437136	3541.012558565775
250650.11093437136	3541.012558565775
250650.11093437136	3541.012558565775
250650.11093437136	3541.012558565775
251743.950094917	3497.0242453535807
247707.6529797583	3565.804647153499
250650.11093437136	3541.012558565775
250650.11093437136	3541.012558565775
250650.11093437136	3541.012558565775
250650.11093437136	3541.012558565775
247510.57611545737	4184.294770540373
251070.10508830668	3517.967626449451
251070.10508830668	3517.967626449451
251070.10508830668	3517.967626449451
toanvd
253786.38062397874	4013.6246273198026
252917.48202787724	4092.4130454847123
253786.38062397874	4013.6246273198026
toanvd
243752.87925901206	3819.7706408340955
243752.87925901206	3819.7706408340955
243752.87925901206	3819.7706408340955
243752.87925901206	3819.7706408340955
243752.87925901206	3819.7706408340955
243752.87925901206	3819.7706408340955
243752.87925901206	3819.7706408340955
244967.3237807777	3782.8578829591497
243728.47573994525	3921.9095543296644
243752.87925901206	3819.7706408340955
243752.87925901206	3819.7706408340955
243752.87925901206	3819.7706408340955
245340.2517922432	3736.911524253858
243752.87925901206	3819.7706408340955
243752.87925901206	3819.7706408340955
243752.87925901206	3819.7706408340955
toanvd
259003.52322484826	3660.00021038894
251696.55354038364	3749.986397588206
251696.55354038364	3749.986397588206
251696.55354038364	3749.986397588206
251696.55354038364	3749.986397588206
251696.55354038364	3749.986397588206
251696.55354038364	3749.986397588206
251696.55354038364	3749.986397588206
251696.55354038364	3749.986397588206
251696.55354038364	3749.986397588206
251696.55354038364	3749.986397588206
251696.55354038364	3749.986397588206
251696.55354038364	3749.986397588206
251696.55354038364	3749.986397588206
251696.55354038364	3749.986397588206
251696.55354038364	3749.986397588206
251696.55354038364	3749.986397588206
251696.55354038364	3749.986397588206
251696.55354038364	3749.986397588206
251696.55354038364	3749.986397588206
251696.55354038364	3749.986397588206
toanvd
245971.1101777397	3937.1778646084013
245971.1101777397	3937.1778646084013
247198.9155621241	3696.1620917532277
247198.9155621241	3696.1620917532277
247198.9155621241	3696.1620917532277
247198.9155621241	3696.1620917532277
toanvd
256805.73755981532	3518.4512081932457
249771.03455439882	3719.8908771893553
255782.4265835591	3562.6002586398163
256805.73755981532	3518.4512081932457
249771.03455439882	3719.8908771893553
249771.03455439882	3719.8908771893553
249771.03455439882	3719.8908771893553
249771.03455439882	3719.8908771893553
249771.03455439882	3719.8908771893553
249771.03455439882	3719.8908771893553
249771.03455439882	3719.8908771893553
256805.73755981532	3518.4512081932457
256805.73755981532	3518.4512081932457
256805.73755981532	3518.4512081932457
256805.73755981532	3518.4512081932457
249771.03455439882	3719.8908771893553
249771.03455439882	3719.8908771893553
249771.03455439882	3719.8908771893553
249771.03455439882	3719.8908771893553
249771.03455439882	3719.8908771893553
249771.03455439882	3719.8908771893553
249771.03455439882	3719.8908771893553
256805.73755981532	3518.4512081932457
249771.03455439882	3719.8908771893553
249771.03455439882	3719.8908771893553
249811.81753361528	3677.7811013364603
249771.03455439882	3719.8908771893553
249771.03455439882	3719.8908771893553
249771.03455439882	3719.8908771893553
249771.03455439882	3719.8908771893553
256805.73755981532	3518.4512081932457
256805.73755981532	3518.4512081932457
256805.73755981532	3518.4512081932457
249771.03455439882	3719.8908771893553
249771.03455439882	3719.8908771893553
256805.73755981532	3518.4512081932457
256805.73755981532	3518.4512081932457
256805.73755981532	3518.4512081932457
256805.73755981532	3518.4512081932457
249771.03455439882	3719.8908771893553
249771.03455439882	3719.8908771893553
249811.81753361528	3677.7811013364603
256805.73755981532	3518.4512081932457
256805.73755981532	3518.4512081932457
249771.03455439882	3719.8908771893553
249771.03455439882	3719.8908771893553
252022.22941494666	3628.0490028425024
256805.73755981532	3518.4512081932457
249771.03455439882	3719.8908771893553
249771.03455439882	3719.8908771893553
256805.73755981532	3518.4512081932457
249771.03455439882	3719.8908771893553
249771.03455439882	3719.8908771893553
256805.73755981532	3518.4512081932457
249771.03455439882	3719.8908771893553
256805.73755981532	3518.4512081932457
249771.03455439882	3719.8908771893553
256805.73755981532	3518.4512081932457
249771.03455439882	3719.8908771893553
256805.73755981532	3518.4512081932457
249811.81753361528	3677.7811013364603
256805.73755981532	3518.4512081932457
256805.73755981532	3518.4512081932457
249771.03455439882	3719.8908771893553
255782.4265835591	3562.6002586398163
255782.4265835591	3562.6002586398163
255782.4265835591	3562.6002586398163
255782.4265835591	3562.6002586398163
255782.4265835591	3562.6002586398163
255782.4265835591	3562.6002586398163
255782.4265835591	3562.6002586398163
255782.4265835591	3562.6002586398163
255782.4265835591	3562.6002586398163
255782.4265835591	3562.6002586398163
255782.4265835591	3562.6002586398163
255782.4265835591	3562.6002586398163
255782.4265835591	3562.6002586398163
255782.4265835591	3562.6002586398163
255782.4265835591	3562.6002586398163
255782.4265835591	3562.6002586398163
255782.4265835591	3562.6002586398163
255782.4265835591	3562.6002586398163
255782.4265835591	3562.6002586398163
255782.4265835591	3562.6002586398163
255782.4265835591	3562.6002586398163
255782.4265835591	3562.6002586398163
255782.4265835591	3562.6002586398163
255782.4265835591	3562.6002586398163
255782.4265835591	3562.6002586398163
255782.4265835591	3562.6002586398163
255782.4265835591	3562.6002586398163
255782.4265835591	3562.6002586398163
255782.4265835591	3562.6002586398163
255782.4265835591	3562.6002586398163
255782.4265835591	3562.6002586398163
toanvd
248588.30817571448	3442.9911003872116
247718.8149312458	3496.374979325501
247445.9319841878	3660.00021038894
247445.9319841878	3660.00021038894
247718.8149312458	3496.374979325501
247119.505015308	3921.041607582745
247875.56358349163	3488.0115126202695
247445.9319841878	3660.00021038894
247445.9319841878	3660.00021038894
247718.8149312458	3496.374979325501
247445.9319841878	3660.00021038894
247119.505015308	3921.041607582745
247718.8149312458	3496.374979325501
247718.8149312458	3496.374979325501
247119.505015308	3921.041607582745
247718.8149312458	3496.374979325501
247445.9319841878	3660.00021038894
247718.8149312458	3496.374979325501
247445.9319841878	3660.00021038894
247875.56358349163	3488.0115126202695
247718.8149312458	3496.374979325501
247119.505015308	3921.041607582745
247718.8149312458	3496.374979325501
toanvd
250929.57855384695	4286.66591620651
250929.57855384695	4286.66591620651
250929.57855384695	4286.66591620651
250929.57855384695	4286.66591620651
250929.57855384695	4286.66591620651
250929.57855384695	4286.66591620651
250929.57855384695	4286.66591620651
250929.57855384695	4286.66591620651
250929.57855384695	4286.66591620651
250929.57855384695	4286.66591620651
250929.57855384695	4286.66591620651
250929.57855384695	4286.66591620651
250929.57855384695	4286.66591620651
250929.57855384695	4286.66591620651
250929.57855384695	4286.66591620651
250929.57855384695	4286.66591620651
250929.57855384695	4286.66591620651
250929.57855384695	4286.66591620651
250929.57855384695	4286.66591620651
250929.57855384695	4286.66591620651
250929.57855384695	4286.66591620651
250929.57855384695	4286.66591620651
250929.57855384695	4286.66591620651
250929.57855384695	4286.66591620651
250929.57855384695	4286.66591620651
250929.57855384695	4286.66591620651
250929.57855384695	4286.66591620651
250929.57855384695	4286.66591620651
250929.57855384695	4286.66591620651
250929.57855384695	4286.66591620651
250929.57855384695	4286.66591620651
250929.57855384695	4286.66591620651
250929.57855384695	4286.66591620651
250929.57855384695	4286.66591620651
250929.57855384695	4286.66591620651
250929.57855384695	4286.66591620651
250929.57855384695	4286.66591620651
257448.23355176675	3852.1528735289216
250929.57855384695	4286.66591620651
250929.57855384695	4286.66591620651
250929.57855384695	4286.66591620651
250929.57855384695	4286.66591620651
250929.57855384695	4286.66591620651
250929.57855384695	4286.66591620651
250929.57855384695	4286.66591620651
250929.57855384695	4286.66591620651
250929.57855384695	4286.66591620651
250929.57855384695	4286.66591620651
250929.57855384695	4286.66591620651
250929.57855384695	4286.66591620651
250929.57855384695	4286.66591620651
250929.57855384695	4286.66591620651
250929.57855384695	4286.66591620651
250929.57855384695	4286.66591620651
250929.57855384695	4286.66591620651
250929.57855384695	4286.66591620651
250929.57855384695	4286.66591620651
250929.57855384695	4286.66591620651
250929.57855384695	4286.66591620651
250929.57855384695	4286.66591620651
250929.57855384695	4286.66591620651
263047.4049190442	3754.61355744988
250929.57855384695	4286.66591620651
250929.57855384695	4286.66591620651
250929.57855384695	4286.66591620651
250929.57855384695	4286.66591620651
250929.57855384695	4286.66591620651
250929.57855384695	4286.66591620651
250929.57855384695	4286.66591620651
250929.57855384695	4286.66591620651
250929.57855384695	4286.66591620651
250929.57855384695	4286.66591620651
250929.57855384695	4286.66591620651
250929.57855384695	4286.66591620651
250929.57855384695	4286.66591620651
250929.57855384695	4286.66591620651
250929.57855384695	4286.66591620651
250929.57855384695	4286.66591620651
250929.57855384695	4286.66591620651
250929.57855384695	4286.66591620651
250929.57855384695	4286.66591620651
250929.57855384695	4286.66591620651
250929.57855384695	4286.66591620651
250929.57855384695	4286.66591620651
250929.57855384695	4286.66591620651
250929.57855384695	4286.66591620651
250929.57855384695	4286.66591620651
250929.57855384695	4286.66591620651
250929.57855384695	4286.66591620651
250929.57855384695	4286.66591620651
250929.57855384695	4286.66591620651
250929.57855384695	4286.66591620651
250929.57855384695	4286.66591620651
250929.57855384695	4286.66591620651
250929.57855384695	4286.66591620651
250929.57855384695	4286.66591620651
250929.57855384695	4286.66591620651
258830.42429507105	3759.007417025754
250929.57855384695	4286.66591620651
250929.57855384695	4286.66591620651
250929.57855384695	4286.66591620651
250929.57855384695	4286.66591620651
250929.57855384695	4286.66591620651
250929.57855384695	4286.66591620651
250929.57855384695	4286.66591620651
250929.57855384695	4286.66591620651
250929.57855384695	4286.66591620651
250929.57855384695	4286.66591620651
250929.57855384695	4286.66591620651
250929.57855384695	4286.66591620651
250929.57855384695	4286.66591620651
250929.57855384695	4286.66591620651
250929.57855384695	4286.66591620651
250929.57855384695	4286.66591620651
250929.57855384695	4286.66591620651
250929.57855384695	4286.66591620651
250929.57855384695	4286.66591620651
250929.57855384695	4286.66591620651
250929.57855384695	4286.66591620651
250929.57855384695	4286.66591620651
250929.57855384695	4286.66591620651
250929.57855384695	4286.66591620651
250929.57855384695	4286.66591620651
250929.57855384695	4286.66591620651
250929.57855384695	4286.66591620651
250929.57855384695	4286.66591620651
250929.57855384695	4286.66591620651
258830.42429507105	3759.007417025754
250929.57855384695	4286.66591620651
toanvd
240232.52834623042	3667.256571237079
240232.52834623042	3667.256571237079
240232.52834623042	3667.256571237079
240232.52834623042	3667.256571237079
240232.52834623042	3667.256571237079
240232.52834623042	3667.256571237079
240232.52834623042	3667.256571237079
240292.69240215904	3644.6262718305825
240556.59493492063	3604.128800570115
240232.52834623042	3667.256571237079
240232.52834623042	3667.256571237079
240458.4528988069	3637.111864605719
240232.52834623042	3667.256571237079
240232.52834623042	3667.256571237079
toanvd
246850.2946260416	3432.1740844395613
246850.2946260416	3432.1740844395613
244585.61420853494	3458.954033352712
246361.4378404045	3438.793567848482
246361.4378404045	3438.793567848482
246361.4378404045	3438.793567848482
246361.4378404045	3438.793567848482
246361.4378404045	3438.793567848482
toanvd
253064.70634249714	3346.4809472935403
251558.59999995687	3429.029541515815
251558.59999995687	3429.029541515815
251558.59999995687	3429.029541515815
246505.62814159234	3433.7633068139776
246505.62814159234	3433.7633068139776
246505.62814159234	3433.7633068139776
toanvd
242602.94299858593	3703.2764280768993
242602.94299858593	3703.2764280768993
242602.94299858593	3703.2764280768993
242602.94299858593	3703.2764280768993
242602.94299858593	3703.2764280768993
242602.94299858593	3703.2764280768993
242602.94299858593	3703.2764280768993
242602.94299858593	3703.2764280768993
242602.94299858593	3703.2764280768993
245266.82088731378	3400.245531256297
242602.94299858593	3703.2764280768993
242602.94299858593	3703.2764280768993
242602.94299858593	3703.2764280768993
242602.94299858593	3703.2764280768993
242602.94299858593	3703.2764280768993
242602.94299858593	3703.2764280768993
242602.94299858593	3703.2764280768993
242602.94299858593	3703.2764280768993
242602.94299858593	3703.2764280768993
242602.94299858593	3703.2764280768993
242602.94299858593	3703.2764280768993
245266.82088731378	3400.245531256297
242602.94299858593	3703.2764280768993
243123.9968138576	3434.0152170464535
243123.9968138576	3434.0152170464535
243123.9968138576	3434.0152170464535
243123.9968138576	3434.0152170464535
243123.9968138576	3434.0152170464535
243123.9968138576	3434.0152170464535
243123.9968138576	3434.0152170464535
243123.9968138576	3434.0152170464535
243123.9968138576	3434.0152170464535
243123.9968138576	3434.0152170464535
243123.9968138576	3434.0152170464535
243123.9968138576	3434.0152170464535
toanvd
248748.03389454077	3628.199737619314
248055.96153238774	3765.959529014673
toanvd
246164.02103473287	3793.4415760368192
246164.02103473287	3793.4415760368192
249244.4437651529	3746.41734545956
249244.4437651529	3746.41734545956
249244.4437651529	3746.41734545956
246164.02103473287	3793.4415760368192
toanvd
260085.12393041694	3725.883228194708
261351.23709751831	3686.57684734381
251994.9879939395	3963.105963470884
260085.12393041694	3725.883228194708
254203.65404009516	3906.491059687012
254203.65404009516	3906.491059687012
254203.65404009516	3906.491059687012
252628.9525466925	3914.1469247153173
261351.23709751831	3686.57684734381
254203.65404009516	3906.491059687012
254203.65404009516	3906.491059687012
254203.65404009516	3906.491059687012
254203.65404009516	3906.491059687012
252628.9525466925	3914.1469247153173
252628.9525466925	3914.1469247153173
251994.9879939395	3963.105963470884
260085.12393041694	3725.883228194708
254203.65404009516	3906.491059687012
254203.65404009516	3906.491059687012
252628.9525466925	3914.1469247153173
254203.65404009516	3906.491059687012
254203.65404009516	3906.491059687012
260085.12393041694	3725.883228194708
254203.65404009516	3906.491059687012
252628.9525466925	3914.1469247153173
248670.7161381696	4018.8329528391864
toanvd
254174.88492304497	3292.334889656109
254174.88492304497	3292.334889656109
254174.88492304497	3292.334889656109
254174.88492304497	3292.334889656109
254174.88492304497	3292.334889656109
254174.88492304497	3292.334889656109
254174.88492304497	3292.334889656109
252817.50072395426	3583.716764608074
254084.4544714795	3548.175297929756
254174.88492304497	3292.334889656109
254880.37547806435	3273.1599895478107
254174.88492304497	3292.334889656109
254174.88492304497	3292.334889656109
252817.50072395426	3583.716764608074
254174.88492304497	3292.334889656109
254174.88492304497	3292.334889656109
254174.88492304497	3292.334889656109
250795.0309668827	4149.860584380382
250175.56398387594	4215.54176938046
toanvd
251529.05978086812	4052.895319180469
251529.05978086812	4052.895319180469
251529.05978086812	4052.895319180469
251529.05978086812	4052.895319180469
251529.05978086812	4052.895319180469
251529.05978086812	4052.895319180469
251529.05978086812	4052.895319180469
251529.05978086812	4052.895319180469
251529.05978086812	4052.895319180469
251529.05978086812	4052.895319180469
251529.05978086812	4052.895319180469
251529.05978086812	4052.895319180469
251529.05978086812	4052.895319180469
251529.05978086812	4052.895319180469
251529.05978086812	4052.895319180469
251529.05978086812	4052.895319180469
251529.05978086812	4052.895319180469
251529.05978086812	4052.895319180469
251529.05978086812	4052.895319180469
251529.05978086812	4052.895319180469
251321.6199772384	4456.497313162789
toanvd
250359.52178883553	4463.4287675361065
250359.52178883553	4463.4287675361065
250359.52178883553	4463.4287675361065
250359.52178883553	4463.4287675361065
250359.52178883553	4463.4287675361065
250359.52178883553	4463.4287675361065
250359.52178883553	4463.4287675361065
267864.4623452115	3690.671827390142
267864.4623452115	3690.671827390142
250359.52178883553	4463.4287675361065
267864.4623452115	3690.671827390142
268693.1680684702	3630.2913631064926
266151.58891490626	3743.1178331181327
toanvd
249855.86134553363	3699.7310747281695
249855.86134553363	3699.7310747281695
249855.86134553363	3699.7310747281695
249658.6117630733	3750.429189947244
toanvd
239986.94567943516	3761.0801093585555
239986.94567943516	3761.0801093585555
238839.26957150985	3988.129794037819
238839.26957150985	3988.129794037819
toanvd
249518.91406606458	3627.7846630677404
249518.91406606458	3627.7846630677404
249518.91406606458	3627.7846630677404
249518.91406606458	3627.7846630677404
249518.91406606458	3627.7846630677404
247351.6884547171	3661.22741640172
246374.10814694784	3662.7169251072614
246374.10814694784	3662.7169251072614
245827.89551011584	3736.911524253858
toanvd
248600.1711959117	3431.416825953931
248600.1711959117	3431.416825953931
248600.1711959117	3431.416825953931
243795.15905013372	3611.997989725976
247809.75989938877	3485.8933661435935
247809.75989938877	3485.8933661435935
244273.67975977765	3516.7207292237986
244273.67975977765	3516.7207292237986
244273.67975977765	3516.7207292237986
244273.67975977765	3516.7207292237986
toanvd
247626.48107330134	3626.3053111345507
247626.48107330134	3626.3053111345507
244543.9273840302	3644.0323347900962
244525.3417121204	3958.5231630186095
244543.9273840302	3644.0323347900962
244437.99402002466	4002.428477281111
244437.99402002466	4002.428477281111
244437.99402002466	4002.428477281111
244437.99402002466	4002.428477281111
243919.65573932393	4022.6744472984356
toanvd
257182.6830746571	3729.7462305318545
255626.3867338695	3837.473331135139
255626.3867338695	3837.473331135139
256416.4686136649	3794.1555127760053
255626.3867338695	3837.473331135139
248552.90378073708	4128.453973050086
248552.90378073708	4128.453973050086
255626.3867338695	3837.473331135139
248552.90378073708	4128.453973050086
253404.49935937853	3929.191147675972
249587.3039550436	4121.458844468508
249587.3039550436	4121.458844468508
249587.3039550436	4121.458844468508
247877.64693926077	4300.395626076498
247877.64693926077	4300.395626076498
247877.64693926077	4300.395626076498
247877.64693926077	4300.395626076498
247877.64693926077	4300.395626076498
247877.64693926077	4300.395626076498
247877.64693926077	4300.395626076498
247877.64693926077	4300.395626076498
toanvd
250195.90730216622	3605.4888307293163
250216.3152956457	3488.925299772975
247114.58255356931	3794.1555127760053
250195.90730216622	3605.4888307293163
250216.3152956457	3488.925299772975
250195.90730216622	3605.4888307293163
250216.3152956457	3488.925299772975
250216.3152956457	3488.925299772975
247114.58255356931	3794.1555127760053
250195.90730216622	3605.4888307293163
250195.90730216622	3605.4888307293163
250216.3152956457	3488.925299772975
247158.5525720601	3751.2670497930962
250195.90730216622	3605.4888307293163
250216.3152956457	3488.925299772975
toanvd
264605.37799483066	4083.4684111718184
254238.65281674403	4786.668100537956
264605.37799483066	4083.4684111718184
254238.65281674403	4786.668100537956
264605.37799483066	4083.4684111718184
260162.78380621577	4144.738682748536
254238.65281674403	4786.668100537956
254238.65281674403	4786.668100537956
254238.65281674403	4786.668100537956
260162.78380621577	4144.738682748536
254238.65281674403	4786.668100537956
266529.3464057234	4011.525908860143
266529.3464057234	4011.525908860143
266529.3464057234	4011.525908860143
266529.3464057234	4011.525908860143
266529.3464057234	4011.525908860143
266529.3464057234	4011.525908860143
266529.3464057234	4011.525908860143
266529.3464057234	4011.525908860143
266529.3464057234	4011.525908860143
266529.3464057234	4011.525908860143
266529.3464057234	4011.525908860143
266529.3464057234	4011.525908860143
266529.3464057234	4011.525908860143
266529.3464057234	4011.525908860143
266529.3464057234	4011.525908860143
266529.3464057234	4011.525908860143
266529.3464057234	4011.525908860143
266529.3464057234	4011.525908860143
266529.3464057234	4011.525908860143
toanvd
255611.69707623555	3677.7811013364603
251032.77417704486	3724.18065364197
251032.77417704486	3724.18065364197
251032.77417704486	3724.18065364197
251032.77417704486	3724.18065364197
251032.77417704486	3724.18065364197
251032.77417704486	3724.18065364197
251032.77417704486	3724.18065364197
251032.77417704486	3724.18065364197
251032.77417704486	3724.18065364197
toanvd
263827.46296589123	3852.1673871230682
266837.5236298431	3850.2113666235755
252432.5351473302	4194.44283455398
245657.86883487093	4234.332266171148
245657.86883487093	4234.332266171148
246662.0746452964	4204.93663031334
toanvd
269993.27407594875	3891.670313951943
263619.3848645269	3957.9647699516254
245022.41350606986	4097.3209783276625
244938.25500455414	4151.442511886292
244938.25500455414	4151.442511886292
244938.25500455414	4151.442511886292
toanvd
244997.1540528077	3626.3053111345507
245792.79439674146	3586.5264813520166
245792.79439674146	3586.5264813520166
245792.79439674146	3586.5264813520166
245792.79439674146	3586.5264813520166
245792.79439674146	3586.5264813520166
245792.79439674146	3586.5264813520166
246493.47133956166	3586.0161280858124
246493.47133956166	3586.0161280858124
246493.47133956166	3586.0161280858124
toanvd
241020.14597367754	3902.8311844684376
toanvd
244205.3898283547	3343.6309448814914
244205.3898283547	3343.6309448814914
244205.3898283547	3343.6309448814914
toanvd
248290.55389605294	3656.1324497886035
248290.55389605294	3656.1324497886035
248290.55389605294	3656.1324497886035
249587.5788641239	3539.9782021523747
249488.6703770211	3651.8349491477193
249488.6703770211	3651.8349491477193
toanvd
256728.59248390052	3766.4395344727045
253830.90630460385	3797.0820902056134
253830.90630460385	3797.0820902056134
256728.59248390052	3766.4395344727045
256728.59248390052	3766.4395344727045
256728.59248390052	3766.4395344727045
256728.59248390052	3766.4395344727045
256728.59248390052	3766.4395344727045
256728.59248390052	3766.4395344727045
256728.59248390052	3766.4395344727045
256728.59248390052	3766.4395344727045
256728.59248390052	3766.4395344727045
256728.59248390052	3766.4395344727045
253801.42399881838	3818.9601615714064
256728.59248390052	3766.4395344727045
256728.59248390052	3766.4395344727045
253830.90630460385	3797.0820902056134
256728.59248390052	3766.4395344727045
256728.59248390052	3766.4395344727045
256728.59248390052	3766.4395344727045
253427.0544329566	3923.364459312045
256728.59248390052	3766.4395344727045
253801.42399881838	3818.9601615714064
256728.59248390052	3766.4395344727045
249068.70887363594	4051.993111152215
256728.59248390052	3766.4395344727045
256728.59248390052	3766.4395344727045
256728.59248390052	3766.4395344727045
256728.59248390052	3766.4395344727045
248307.50759019423	4083.306615369229
toanvd
247989.94103941828	3809.6407791874144
247989.94103941828	3809.6407791874144
247989.94103941828	3809.6407791874144
247989.94103941828	3809.6407791874144
247989.94103941828	3809.6407791874144
247989.94103941828	3809.6407791874144
247989.94103941828	3809.6407791874144
247989.94103941828	3809.6407791874144
247989.94103941828	3809.6407791874144
247989.94103941828	3809.6407791874144
247989.94103941828	3809.6407791874144
248358.25561328296	3663.1202971068883
248358.25561328296	3663.1202971068883
248358.25561328296	3663.1202971068883
247295.88714894623	3901.573512903236
247295.88714894623	3901.573512903236
247295.88714894623	3901.573512903236
247295.88714894623	3901.573512903236
toanvd
242254.66891106754	3542.907648332605
242784.6556769699	3480.1947853336014
toanvd
251639.60867405965	3709.6389420331284
251639.60867405965	3709.6389420331284
251639.60867405965	3709.6389420331284
251639.60867405965	3709.6389420331284
251639.60867405965	3709.6389420331284
251639.60867405965	3709.6389420331284
251639.60867405965	3709.6389420331284
251639.60867405965	3709.6389420331284
251639.60867405965	3709.6389420331284
251639.60867405965	3709.6389420331284
251639.60867405965	3709.6389420331284
251639.60867405965	3709.6389420331284
251639.60867405965	3709.6389420331284
251639.60867405965	3709.6389420331284
250627.0478300851	3726.0212916299547
toanvd
247977.8585641461	3452.2014322967616
245530.34802154198	3726.0212916299547
245530.34802154198	3726.0212916299547
toanvd
243956.32686496593	4103.142227212154
243956.32686496593	4103.142227212154
245095.4700336097	3675.3889098452014
245095.4700336097	3675.3889098452014
244617.17088298057	3939.8000317721994
244617.17088298057	3939.8000317721994
244617.17088298057	3939.8000317721994
244617.17088298057	3939.8000317721994
244638.34175543007	3729.7462305318545
244638.34175543007	3729.7462305318545
244536.86691819408	3948.2380053044394
toanvd
246142.3995406324	3469.833987861219
246142.3995406324	3469.833987861219
246142.3995406324	3469.833987861219
246142.3995406324	3469.833987861219
246142.3995406324	3469.833987861219
246142.3995406324	3469.833987861219
246142.3995406324	3469.833987861219
246142.3995406324	3469.833987861219
246142.3995406324	3469.833987861219
246142.3995406324	3469.833987861219
246142.3995406324	3469.833987861219
246142.3995406324	3469.833987861219
246142.3995406324	3469.833987861219
246140.86920349285	3674.940186086828
246140.86920349285	3674.940186086828
246140.86920349285	3674.940186086828
246140.86920349285	3674.940186086828
246140.86920349285	3674.940186086828
246140.86920349285	3674.940186086828
toanvd
249187.8463036718	3777.9718135952908
249300.0174641579	3743.2649837893277
249300.0174641579	3743.2649837893277
249300.0174641579	3743.2649837893277
toanvd
245309.9272357408	3458.954033352712
245309.9272357408	3458.954033352712
245329.76502350703	3411.284794306994
245329.76502350703	3411.284794306994
245329.76502350703	3411.284794306994
245329.76502350703	3411.284794306994
toanvd
248160.16135511373	3575.395999134602
248160.16135511373	3575.395999134602
246703.44696843502	4085.0372680700793
toanvd
247248.58088032625	3404.517885438944
246718.8342838279	3427.773928010991
244458.17735838107	3464.3184241279946
toanvd
247256.4407820094	3599.0345043497728
247256.4407820094	3599.0345043497728
247256.4407820094	3599.0345043497728
244747.5751299085	3983.520505105596
toanvd
244273.23406854973	3677.7811013364603
244273.23406854973	3677.7811013364603
toanvd
252827.9777304908	4022.6744472984356
252827.9777304908	4022.6744472984356
253421.10981550973	3764.2826692823915
255795.70198956825	3663.1202971068883
253421.10981550973	3764.2826692823915
253570.20213685243	3687.3333486692027
toanvd
249174.2785638796	4227.121940823284
259520.39568165754	4141.681442426819
259520.39568165754	4141.681442426819
266178.65505664126	3469.297125584078
toanvd
240263.30599435495	3573.1029475328532
240263.30599435495	3573.1029475328532
240263.30599435495	3573.1029475328532
240263.30599435495	3573.1029475328532
240263.30599435495	3573.1029475328532
240263.30599435495	3573.1029475328532
240263.30599435495	3573.1029475328532
240263.30599435495	3573.1029475328532
240263.30599435495	3573.1029475328532
240263.30599435495	3573.1029475328532
240263.30599435495	3573.1029475328532
240263.30599435495	3573.1029475328532
240263.30599435495	3573.1029475328532
240263.30599435495	3573.1029475328532
240688.87771412492	3496.374979325501
240263.30599435495	3573.1029475328532
240263.30599435495	3573.1029475328532
240263.30599435495	3573.1029475328532
240263.30599435495	3573.1029475328532
240263.30599435495	3573.1029475328532
240263.30599435495	3573.1029475328532
240263.30599435495	3573.1029475328532
240263.30599435495	3573.1029475328532
240263.30599435495	3573.1029475328532
240263.30599435495	3573.1029475328532
240263.30599435495	3573.1029475328532
240263.30599435495	3573.1029475328532
240263.30599435495	3573.1029475328532
240263.30599435495	3573.1029475328532
240263.30599435495	3573.1029475328532
240263.30599435495	3573.1029475328532
240263.30599435495	3573.1029475328532
240263.30599435495	3573.1029475328532
240263.30599435495	3573.1029475328532
240263.30599435495	3573.1029475328532
240263.30599435495	3573.1029475328532
240263.30599435495	3573.1029475328532
240263.30599435495	3573.1029475328532
240263.30599435495	3573.1029475328532
240263.30599435495	3573.1029475328532
240263.30599435495	3573.1029475328532
240263.30599435495	3573.1029475328532
240263.30599435495	3573.1029475328532
240263.30599435495	3573.1029475328532
240263.30599435495	3573.1029475328532
240263.30599435495	3573.1029475328532
240263.30599435495	3573.1029475328532
240263.30599435495	3573.1029475328532
240263.30599435495	3573.1029475328532
240263.30599435495	3573.1029475328532
240263.30599435495	3573.1029475328532
240263.30599435495	3573.1029475328532
240263.30599435495	3573.1029475328532
240263.30599435495	3573.1029475328532
240263.30599435495	3573.1029475328532
240263.30599435495	3573.1029475328532
240263.30599435495	3573.1029475328532
240263.30599435495	3573.1029475328532
toanvd
246881.5084705917	3890.977169288516
246881.5084705917	3890.977169288516
246646.82094304104	3902.9825827149193
246646.82094304104	3902.9825827149193
246881.5084705917	3890.977169288516
toanvd
246514.25070149772	3304.781984647516
246514.25070149772	3304.781984647516
246514.25070149772	3304.781984647516
246514.25070149772	3304.781984647516
246335.00208286504	3325.441719086333
246514.25070149772	3304.781984647516
246514.25070149772	3304.781984647516
246514.25070149772	3304.781984647516
246514.25070149772	3304.781984647516
245865.57153183137	3368.9745865342347
246514.25070149772	3304.781984647516
246335.00208286504	3325.441719086333
246514.25070149772	3304.781984647516
246514.25070149772	3304.781984647516
246335.00208286504	3325.441719086333
246514.25070149772	3304.781984647516
246514.25070149772	3304.781984647516
243635.62409903997	3461.750226893747
243635.62409903997	3461.750226893747
toanvd
243620.37671837216	3887.9774824111114
243662.89671931166	3565.804647153499
243620.37671837216	3887.9774824111114
243812.84479331854	3519.367434867655
243812.84479331854	3519.367434867655
243812.84479331854	3519.367434867655
243620.37671837216	3887.9774824111114
243620.37671837216	3887.9774824111114
243812.84479331854	3519.367434867655
243812.84479331854	3519.367434867655
243620.37671837216	3887.9774824111114
243812.84479331854	3519.367434867655
243620.37671837216	3887.9774824111114
243812.84479331854	3519.367434867655
toanvd
244768.2189942883	3754.61355744988
toanvd
238128.99746217308	3948.2380053044394
238839.19957063737	3808.2547744193157
toanvd
243780.78987202686	3553.490939308921
241622.30011885165	3573.1029475328532
243780.78987202686	3553.490939308921
toanvd
263644.05234771804	3819.7706408340955
263644.05234771804	3819.7706408340955
257827.09917884835	4324.585752853049
260232.56857467187	3965.892134651038
263644.05234771804	3819.7706408340955
257827.09917884835	4324.585752853049
260232.56857467187	3965.892134651038
260340.72373063932	3850.2113666235755
260232.56857467187	3965.892134651038
261441.50168870934	3827.897614266293
261441.50168870934	3827.897614266293
261441.50168870934	3827.897614266293
261441.50168870934	3827.897614266293
261441.50168870934	3827.897614266293
261441.50168870934	3827.897614266293
261441.50168870934	3827.897614266293
256027.76805124016	4379.678205706366
256027.76805124016	4379.678205706366
256027.76805124016	4379.678205706366
toanvd
244804.50827401827	4172.676089083906
244804.50827401827	4172.676089083906
244804.50827401827	4172.676089083906
244804.50827401827	4172.676089083906
244804.50827401827	4172.676089083906
248457.56434062432	4047.2726014945606
248457.56434062432	4047.2726014945606
248457.56434062432	4047.2726014945606
248457.56434062432	4047.2726014945606
244804.50827401827	4172.676089083906
248457.56434062432	4047.2726014945606
244804.50827401827	4172.676089083906
244804.50827401827	4172.676089083906
248457.56434062432	4047.2726014945606
248457.56434062432	4047.2726014945606
248457.56434062432	4047.2726014945606
244804.50827401827	4172.676089083906
248457.56434062432	4047.2726014945606
244804.50827401827	4172.676089083906
244804.50827401827	4172.676089083906
248808.27879875136	3921.344575745633
248457.56434062432	4047.2726014945606
244804.50827401827	4172.676089083906
244804.50827401827	4172.676089083906
244804.50827401827	4172.676089083906
248457.56434062432	4047.2726014945606
248457.56434062432	4047.2726014945606
244804.50827401827	4172.676089083906
toanvd
245655.47288231843	3971.6716353193056
245655.47288231843	3971.6716353193056
245655.47288231843	3971.6716353193056
245655.47288231843	3971.6716353193056
245655.47288231843	3971.6716353193056
245655.47288231843	3971.6716353193056
251729.84849162883	3860.639637678381
245655.47288231843	3971.6716353193056
245655.47288231843	3971.6716353193056
245655.47288231843	3971.6716353193056
245655.47288231843	3971.6716353193056
245810.06105508126	3877.21101687469
245655.47288231843	3971.6716353193056
245655.47288231843	3971.6716353193056
245655.47288231843	3971.6716353193056
245655.47288231843	3971.6716353193056
245655.47288231843	3971.6716353193056
245655.47288231843	3971.6716353193056
245655.47288231843	3971.6716353193056
245655.47288231843	3971.6716353193056
245810.06105508126	3877.21101687469
245655.47288231843	3971.6716353193056
245655.47288231843	3971.6716353193056
245655.47288231843	3971.6716353193056
245655.47288231843	3971.6716353193056
245655.47288231843	3971.6716353193056
245655.47288231843	3971.6716353193056
245655.47288231843	3971.6716353193056
245655.47288231843	3971.6716353193056
245655.47288231843	3971.6716353193056
250871.34296254575	3864.6469162245885
toanvd
248448.71402532252	3727.8797971235326
248448.71402532252	3727.8797971235326
248448.71402532252	3727.8797971235326
248448.71402532252	3727.8797971235326
248448.71402532252	3727.8797971235326
248448.71402532252	3727.8797971235326
248448.71402532252	3727.8797971235326
248448.71402532252	3727.8797971235326
248448.71402532252	3727.8797971235326
248156.7631215718	3864.6469162245885
toanvd
242476.83826524482	3498.3645332523233
242476.83826524482	3498.3645332523233
242476.83826524482	3498.3645332523233
242476.83826524482	3498.3645332523233
242476.83826524482	3498.3645332523233
242476.83826524482	3498.3645332523233
242476.83826524482	3498.3645332523233
242476.83826524482	3498.3645332523233
242476.83826524482	3498.3645332523233
242476.83826524482	3498.3645332523233
242837.1009585947	3478.689159716256
242476.83826524482	3498.3645332523233
242476.83826524482	3498.3645332523233
toanvd
252739.85091295643	3704.561383817523
252280.99086574386	3931.4515163952983
251739.5006552125	3985.8436656191557
toanvd
240046.37158669045	3608.791254744047
240046.37158669045	3608.791254744047
239639.04002511335	3694.890126707307
239639.04002511335	3694.890126707307
toanvd
256603.7036509137	3543.2699539713617
253206.36271138932	3583.716764608074
toanvd
243251.53600414385	3435.0770713394854
toanvd
245467.15970674527	3676.5376094951243
242268.9308298444	3681.136734991359
245467.15970674527	3676.5376094951243
245467.15970674527	3676.5376094951243
239888.16590348948	3690.671827390142
241898.77694583838	3687.3333486692027
241898.77694583838	3687.3333486692027
241898.77694583838	3687.3333486692027
241898.77694583838	3687.3333486692027
toanvd
244211.5408509504	3708.9380368661773
246663.2341085322	3657.5088331340185
246663.2341085322	3657.5088331340185
246663.2341085322	3657.5088331340185
245309.82501231044	3687.3333486692027
245309.82501231044	3687.3333486692027
243004.90411610217	3745.9869026740566
243004.90411610217	3745.9869026740566
243004.90411610217	3745.9869026740566
243004.90411610217	3745.9869026740566
243004.90411610217	3745.9869026740566
243004.90411610217	3745.9869026740566
toanvd
246666.4418676541	3656.1324497886035
240140.53057346717	3695.096635752429
240140.53057346717	3695.096635752429
240140.53057346717	3695.096635752429
240140.53057346717	3695.096635752429
240140.53057346717	3695.096635752429
240140.53057346717	3695.096635752429
240140.53057346717	3695.096635752429
240041.20741374328	3709.097753799907
toanvd
240065.42577558596	3957.9647699516254
240065.42577558596	3957.9647699516254
240065.42577558596	3957.9647699516254
240188.7984076195	3796.368989031945
240188.7984076195	3796.368989031945
240188.7984076195	3796.368989031945
240188.7984076195	3796.368989031945
238750.36177365604	4054.279121256255
238750.36177365604	4054.279121256255
238750.36177365604	4054.279121256255
toanvd
241258.06806852118	4083.26786340095
241258.06806852118	4083.26786340095
241258.06806852118	4083.26786340095
241258.06806852118	4083.26786340095
241494.30038158075	3836.5318057569734
241258.06806852118	4083.26786340095
toanvd
246698.2186529849	3665.074707876342
246698.2186529849	3665.074707876342
251729.13179291922	3604.303394926489
246698.2186529849	3665.074707876342
242416.1567718898	3985.8436656191557
241123.05027967377	4003.0932213554383
241123.05027967377	4003.0932213554383
241123.05027967377	4003.0932213554383
241123.05027967377	4003.0932213554383
toanvd
247110.55420920838	3509.4424162342607
246748.21525726133	3516.6109792547227
247373.93973324043	3458.529739374516
247373.93973324043	3458.529739374516
246712.9319622894	4446.62282491447
246712.9319622894	4446.62282491447
246712.9319622894	4446.62282491447
toanvd
251961.09984695248	4125.245237593578
253363.1167498241	3905.0656393854
253363.1167498241	3905.0656393854
toanvd
246935.59890921926	4126.773232904178
246935.59890921926	4126.773232904178
246935.59890921926	4126.773232904178
246935.59890921926	4126.773232904178
252035.82187107982	3559.654611767882
251663.7866226411	3575.395999134602
246935.59890921926	4126.773232904178
252035.82187107982	3559.654611767882
246935.59890921926	4126.773232904178
249910.1120553409	3747.853732095701
247667.4280108464	3877.36027246649
toanvd
241679.44025775016	3711.1447707281404
241679.44025775016	3711.1447707281404
241679.44025775016	3711.1447707281404
241679.44025775016	3711.1447707281404
241679.44025775016	3711.1447707281404
241679.44025775016	3711.1447707281404
toanvd
241833.0655334664	3627.7846630677404
240077.439653928	4110.935994668009
240077.439653928	4110.935994668009
240077.439653928	4110.935994668009
240077.439653928	4110.935994668009
240077.439653928	4110.935994668009
240077.439653928	4110.935994668009
240077.439653928	4110.935994668009
240077.439653928	4110.935994668009
240077.439653928	4110.935994668009
240077.439653928	4110.935994668009
240077.439653928	4110.935994668009
240077.439653928	4110.935994668009
240077.439653928	4110.935994668009
240077.439653928	4110.935994668009
toanvd
244376.17389088098	3966.1332331249805
244376.17389088098	3966.1332331249805
241810.33338664228	4078.17305313134
241810.33338664228	4078.17305313134
241810.33338664228	4078.17305313134
toanvd
241891.69825002382	4193.65165372626
241891.69825002382	4193.65165372626
241891.69825002382	4193.65165372626
241891.69825002382	4193.65165372626
242457.06425317135	3687.3333486692027
241891.69825002382	4193.65165372626
241891.69825002382	4193.65165372626
241891.69825002382	4193.65165372626
241891.69825002382	4193.65165372626
241891.69825002382	4193.65165372626
241891.69825002382	4193.65165372626
243900.73488150912	3485.8933661435935
toanvd
242353.8482358617	3836.5318057569734
243322.46411362654	3764.7703265047694
243322.46411362654	3764.7703265047694
245876.90722587088	3521.4357102677923
toanvd
246175.86819384797	3682.43066816991
246175.86819384797	3682.43066816991
246175.86819384797	3682.43066816991
246175.86819384797	3682.43066816991
246175.86819384797	3682.43066816991
246175.86819384797	3682.43066816991
246175.86819384797	3682.43066816991
246175.86819384797	3682.43066816991
246175.86819384797	3682.43066816991
246175.86819384797	3682.43066816991
246175.86819384797	3682.43066816991
246175.86819384797	3682.43066816991
246175.86819384797	3682.43066816991
246175.86819384797	3682.43066816991
246175.86819384797	3682.43066816991
246175.86819384797	3682.43066816991
246175.86819384797	3682.43066816991
246175.86819384797	3682.43066816991
246175.86819384797	3682.43066816991
246175.86819384797	3682.43066816991
246175.86819384797	3682.43066816991
246175.86819384797	3682.43066816991
245588.7290316884	3687.3333486692027
245588.7290316884	3687.3333486692027
245588.7290316884	3687.3333486692027
toanvd
244645.81391060184	3864.941988458579
244749.99897677187	3794.313154355367
toanvd
251701.0421595078	3481.126286428545
253090.98079243468	3416.713778204726
253090.98079243468	3416.713778204726
253090.98079243468	3416.713778204726
250972.5033204921	3540.066186816295
253272.7116591563	3293.8438674836584
253157.88182845988	3404.8028941417065
253157.88182845988	3404.8028941417065
251701.0421595078	3481.126286428545
253090.98079243468	3416.713778204726
253157.88182845988	3404.8028941417065
253157.88182845988	3404.8028941417065
250972.5033204921	3540.066186816295
253157.88182845988	3404.8028941417065
253157.88182845988	3404.8028941417065
248035.91382045334	3794.1555127760053
toanvd
240277.46914363455	3516.7207292237986
237706.39219660737	3658.538547996517
toanvd
246302.3482843115	3562.6002586398163
245890.02356005108	3764.7703265047694
246302.3482843115	3562.6002586398163
245794.93434617974	4349.277213902749
245890.02356005108	3764.7703265047694
246302.3482843115	3562.6002586398163
245794.93434617974	4349.277213902749
245890.02356005108	3764.7703265047694
246302.3482843115	3562.6002586398163
246302.3482843115	3562.6002586398163
246302.3482843115	3562.6002586398163
245794.93434617974	4349.277213902749
245794.93434617974	4349.277213902749
246302.3482843115	3562.6002586398163
246302.3482843115	3562.6002586398163
toanvd
255672.83812319575	3516.7207292237986
255672.83812319575	3516.7207292237986
255672.83812319575	3516.7207292237986
255672.83812319575	3516.7207292237986
255672.83812319575	3516.7207292237986
255672.83812319575	3516.7207292237986
255672.83812319575	3516.7207292237986
238795.6606218781	3560.3068843038263
238795.6606218781	3560.3068843038263
238795.6606218781	3560.3068843038263
toanvd
242992.8235161023	3686.6111934637224
242992.8235161023	3686.6111934637224
242992.8235161023	3686.6111934637224
242992.8235161023	3686.6111934637224
242992.8235161023	3686.6111934637224
242992.8235161023	3686.6111934637224
242992.8235161023	3686.6111934637224
242992.8235161023	3686.6111934637224
244394.57234556065	3505.1327703664633
242992.8235161023	3686.6111934637224
242992.8235161023	3686.6111934637224
244394.57234556065	3505.1327703664633
242992.8235161023	3686.6111934637224
242992.8235161023	3686.6111934637224
244394.57234556065	3505.1327703664633
242992.8235161023	3686.6111934637224
toanvd
247655.49257292008	3540.20141485953
247655.49257292008	3540.20141485953
248002.85286892686	3438.793567848482
247779.6485101848	3478.689159716256
248002.85286892686	3438.793567848482
247461.2202258995	3573.057387830683
toanvd
251979.28209479313	3584.2717917896866
251979.28209479313	3584.2717917896866
250844.19785012896	4031.3732580236356
252450.0903642048	3542.907648332605
252450.0903642048	3542.907648332605
252450.0903642048	3542.907648332605
252450.0903642048	3542.907648332605
252450.0903642048	3542.907648332605
252450.0903642048	3542.907648332605
252450.0903642048	3542.907648332605
252450.0903642048	3542.907648332605
249600.70997727427	4407.5622568041435
249600.70997727427	4407.5622568041435
249600.70997727427	4407.5622568041435
toanvd
246275.9761092875	3851.6091597161158
243843.42022493278	3956.049463102117
249963.03590897628	3811.511170556508
243550.72816529265	4121.859075467619
243550.72816529265	4121.859075467619
toanvd
245309.8902702888	3686.6111934637224
245309.8902702888	3686.6111934637224
245309.8902702888	3686.6111934637224
245309.8902702888	3686.6111934637224
245309.8902702888	3686.6111934637224
245309.8902702888	3686.6111934637224
245309.8902702888	3686.6111934637224
245309.8902702888	3686.6111934637224
245309.8902702888	3686.6111934637224
245309.8902702888	3686.6111934637224
245309.8902702888	3686.6111934637224
245309.8902702888	3686.6111934637224
245954.9257014025	3444.6054556415147
245309.8902702888	3686.6111934637224
245309.8902702888	3686.6111934637224
245944.992529596	3529.779381758147
245309.8902702888	3686.6111934637224
245309.8902702888	3686.6111934637224
245309.8902702888	3686.6111934637224
245309.8902702888	3686.6111934637224
245309.8902702888	3686.6111934637224
245309.8902702888	3686.6111934637224
245954.9257014025	3444.6054556415147
245309.8902702888	3686.6111934637224
245309.8902702888	3686.6111934637224
245309.8902702888	3686.6111934637224
245309.8902702888	3686.6111934637224
245309.8902702888	3686.6111934637224
245309.8902702888	3686.6111934637224
245309.8902702888	3686.6111934637224
245309.8902702888	3686.6111934637224
245309.8902702888	3686.6111934637224
toanvd
240325.75124671982	3682.43066816991
240325.75124671982	3682.43066816991
244304.9832081833	3530.706076795169
240325.75124671982	3682.43066816991
240820.7560565292	3627.7846630677404
240820.7560565292	3627.7846630677404
240889.11586766219	3573.1029475328532
toanvd
247141.9066905754	3660.00021038894
247141.9066905754	3660.00021038894
247141.9066905754	3660.00021038894
247141.9066905754	3660.00021038894
247141.9066905754	3660.00021038894
247141.9066905754	3660.00021038894
247141.9066905754	3660.00021038894
247141.9066905754	3660.00021038894
247141.9066905754	3660.00021038894
247141.9066905754	3660.00021038894
247141.9066905754	3660.00021038894
247141.9066905754	3660.00021038894
247141.9066905754	3660.00021038894
247141.9066905754	3660.00021038894
247141.9066905754	3660.00021038894
246056.9232433974	3690.671827390142
247141.9066905754	3660.00021038894
247141.9066905754	3660.00021038894
247141.9066905754	3660.00021038894
247141.9066905754	3660.00021038894
247141.9066905754	3660.00021038894
247141.9066905754	3660.00021038894
247141.9066905754	3660.00021038894
toanvd
254715.10785281242	3877.21101687469
254715.10785281242	3877.21101687469
254715.10785281242	3877.21101687469
254715.10785281242	3877.21101687469
252685.49706227498	3937.1778646084013
254715.10785281242	3877.21101687469
257234.4279868921	3807.9053540860778
toanvd
244663.36177667484	3702.890537789998
toanvd
242230.56144135632	3729.7462305318545
242230.56144135632	3729.7462305318545
242230.56144135632	3729.7462305318545
242230.56144135632	3729.7462305318545
242230.56144135632	3729.7462305318545
242230.56144135632	3729.7462305318545
toanvd
248569.9475431316	3352.6680807616785
248569.9475431316	3352.6680807616785
247340.7862631374	3408.691863329344
245478.48868243996	4556.7987771308035
245478.48868243996	4556.7987771308035
249382.709822984	3348.637922237001
249382.709822984	3348.637922237001
245696.0735229997	3765.959529014673
245696.0735229997	3765.959529014673
toanvd
253136.5585519053	3583.716764608074
256993.55504940642	3481.126286428545
256993.55504940642	3481.126286428545
253567.87162195094	3483.0173719303593
253567.87162195094	3483.0173719303593
253567.87162195094	3483.0173719303593
253567.87162195094	3483.0173719303593
253567.87162195094	3483.0173719303593
253567.87162195094	3483.0173719303593
253567.87162195094	3483.0173719303593
253567.87162195094	3483.0173719303593
253567.87162195094	3483.0173719303593
253567.87162195094	3483.0173719303593
253567.87162195094	3483.0173719303593
253567.87162195094	3483.0173719303593
toanvd
257200.45115035892	3972.218082853305
249507.2913781067	4047.2726014945606
249507.2913781067	4047.2726014945606
249507.2913781067	4047.2726014945606
249507.2913781067	4047.2726014945606
248269.26388133795	4065.347086810123
toanvd
250285.83584509807	3604.303394926489
252973.9283009808	3496.4380168805246
252973.9283009808	3496.4380168805246
250462.6460012346	3584.2717917896866
250145.37595495532	3632.720693002687
252973.9283009808	3496.4380168805246
252973.9283009808	3496.4380168805246
249286.90095161356	3686.7450990241045
toanvd
245117.29191514367	4056.3373884349758
251764.60037163994	3727.465016928191
251764.60037163994	3727.465016928191
251764.60037163994	3727.465016928191
251764.60037163994	3727.465016928191
246557.8286738345	3837.473331135139
246557.8286738345	3837.473331135139
246557.8286738345	3837.473331135139
246557.8286738345	3837.473331135139
246557.8286738345	3837.473331135139
246557.8286738345	3837.473331135139
246557.8286738345	3837.473331135139
toanvd
251984.62349529675	4031.6064627768524
251984.62349529675	4031.6064627768524
268296.33828026213	3890.330862037667
268296.33828026213	3890.330862037667
268296.33828026213	3890.330862037667
263021.13399680046	4011.722363760201
263021.13399680046	4011.722363760201
264416.91786340566	3895.6277266547863
264416.91786340566	3895.6277266547863
250399.16698193192	4341.213518290676
251381.0319634228	4124.3152585109565
toanvd
244295.4900800952	3671.5365447607214
244295.4900800952	3671.5365447607214
247068.27758244725	3452.1840554630603
244295.4900800952	3671.5365447607214
244295.4900800952	3671.5365447607214
244295.4900800952	3671.5365447607214
244295.4900800952	3671.5365447607214
244295.4900800952	3671.5365447607214
247068.27758244725	3452.1840554630603
244295.4900800952	3671.5365447607214
247068.27758244725	3452.1840554630603
244295.4900800952	3671.5365447607214
247068.27758244725	3452.1840554630603
247068.27758244725	3452.1840554630603
244295.4900800952	3671.5365447607214
247068.27758244725	3452.1840554630603
toanvd
246254.5212182666	3598.9426736877367
246254.5212182666	3598.9426736877367
246254.5212182666	3598.9426736877367
246254.5212182666	3598.9426736877367
246254.5212182666	3598.9426736877367
246254.5212182666	3598.9426736877367
246254.5212182666	3598.9426736877367
245819.22819196354	3697.2384488868174
246254.5212182666	3598.9426736877367
246254.5212182666	3598.9426736877367
246254.5212182666	3598.9426736877367
245564.3626453298	3877.21101687469
245724.8200584785	3817.558038621901
246254.5212182666	3598.9426736877367
245819.22819196354	3697.2384488868174
246254.5212182666	3598.9426736877367
246254.5212182666	3598.9426736877367
246254.5212182666	3598.9426736877367
246254.5212182666	3598.9426736877367
246254.5212182666	3598.9426736877367
toanvd
246086.3978230199	3716.34853501525
toanvd
246291.9608173027	3681.1510699127
243050.82463930603	3719.621966546915
242521.33248288347	3743.7047751108116
242521.33248288347	3743.7047751108116
toanvd
255373.67712066427	3742.327925278862
244403.54506005844	3899.3425012552216
toanvd
251435.8051276347	4268.734874141622
253367.86831398093	3681.9853068631883
toanvd
239477.9971414636	3527.728380875322
239477.9971414636	3527.728380875322
236508.6463981241	3584.2717917896866
toanvd
245533.6871336734	3743.7047751108116
toanvd
252855.9408339518	3604.447340967479
249217.03263079844	3742.327925278862
252105.27415944796	3656.636397326816
248691.36400405905	3770.0767120920545
252855.9408339518	3604.447340967479
252105.27415944796	3656.636397326816
252855.9408339518	3604.447340967479
249217.03263079844	3742.327925278862
249217.03263079844	3742.327925278862
245097.74153512745	3828.518414015914
toanvd
243664.9547929173	3961.842759538653
toanvd
241663.64281753023	3697.5777097203054
toanvd
242650.7809387458	3887.9774824111114
243758.66223925422	3803.035103744359
toanvd
250940.68657906086	3637.111864605719
toanvd
267940.9257870226	3949.9125805591834
267940.9257870226	3949.9125805591834
269205.8907684965	3874.4231751153893
269205.8907684965	3874.4231751153893
269205.8907684965	3874.4231751153893
247191.15725490806	4167.951432446077
270007.38882584707	3774.1296860351626
270007.38882584707	3774.1296860351626
270007.38882584707	3774.1296860351626
270007.38882584707	3774.1296860351626
270007.38882584707	3774.1296860351626
270007.38882584707	3774.1296860351626
toanvd
252686.15595829394	3686.7450990241045
247829.55976702724	3956.799419412019
247829.55976702724	3956.799419412019
248759.6606290614	3707.554469011211
toanvd
246050.57629342258	3670.9287952977015
246050.57629342258	3670.9287952977015
246050.57629342258	3670.9287952977015
246050.57629342258	3670.9287952977015
toanvd
253841.20531083614	3956.2879563868205
254512.15280804576	3496.130248328492
253841.20531083614	3956.2879563868205
253841.20531083614	3956.2879563868205
253841.20531083614	3956.2879563868205
toanvd
255834.80311388322	3794.313154355367
253423.99845373875	4011.722363760201
253423.99845373875	4011.722363760201
255834.80311388322	3794.313154355367
254063.60457507183	4011.525908860143
253423.99845373875	4011.722363760201
255834.80311388322	3794.313154355367
255834.80311388322	3794.313154355367
253423.99845373875	4011.722363760201
253423.99845373875	4011.722363760201
255834.80311388322	3794.313154355367
255834.80311388322	3794.313154355367
253423.99845373875	4011.722363760201
255834.80311388322	3794.313154355367
253423.99845373875	4011.722363760201
255834.80311388322	3794.313154355367
255834.80311388322	3794.313154355367
275701.762509483	3637.7813897820424
275701.762509483	3637.7813897820424
275701.762509483	3637.7813897820424
251294.90651528578	4515.29782382678
toanvd
244798.33945066773	3729.7462305318545
toanvd
257010.5839164119	3891.6094392077757
257010.5839164119	3891.6094392077757
247404.9661698961	3943.8714570726693
258722.30024435424	3670.9287952977015
257926.05033900632	3794.1555127760053
257926.05033900632	3794.1555127760053
257926.05033900632	3794.1555127760053
257926.05033900632	3794.1555127760053
257926.05033900632	3794.1555127760053
257926.05033900632	3794.1555127760053
257926.05033900632	3794.1555127760053
257926.05033900632	3794.1555127760053
257926.05033900632	3794.1555127760053
toanvd
250910.33783778598	3592.528363143036
251397.91681679018	3586.0161280858124
250910.33783778598	3592.528363143036
248445.47120505295	3743.7047751108116
toanvd
252880.72587791985	3644.0323347900962
249160.52973018802	3659.0285098417867
toanvd
249480.27680524372	3389.563739764018
249480.27680524372	3389.563739764018
249480.27680524372	3389.563739764018
249480.27680524372	3389.563739764018
249480.27680524372	3389.563739764018
249480.27680524372	3389.563739764018
249480.27680524372	3389.563739764018
249480.27680524372	3389.563739764018
249480.27680524372	3389.563739764018
249360.09208915365	3469.833987861219
249115.7749734421	3794.1555127760053
249480.27680524372	3389.563739764018
249480.27680524372	3389.563739764018
249480.27680524372	3389.563739764018
249480.27680524372	3389.563739764018
249480.27680524372	3389.563739764018
249480.27680524372	3389.563739764018
249480.27680524372	3389.563739764018
249480.27680524372	3389.563739764018
249480.27680524372	3389.563739764018
249252.37715599162	3687.3333486692027
249480.27680524372	3389.563739764018
249480.27680524372	3389.563739764018
249480.27680524372	3389.563739764018
249480.27680524372	3389.563739764018
249480.27680524372	3389.563739764018
249480.27680524372	3389.563739764018
249480.27680524372	3389.563739764018
249480.27680524372	3389.563739764018
249480.27680524372	3389.563739764018
249480.27680524372	3389.563739764018
toanvd
247480.37094732304	3939.9264577290833
247480.37094732304	3939.9264577290833
247480.37094732304	3939.9264577290833
247480.37094732304	3939.9264577290833
247480.37094732304	3939.9264577290833
247480.37094732304	3939.9264577290833
247480.37094732304	3939.9264577290833
247480.37094732304	3939.9264577290833
247480.37094732304	3939.9264577290833
toanvd
251627.85643607314	3703.2764280768993
251627.85643607314	3703.2764280768993
251627.85643607314	3703.2764280768993
toanvd
275889.5172782943	3681.136734991359
252399.12688626515	4028.4526452096225
252399.12688626515	4028.4526452096225
252399.12688626515	4028.4526452096225
252399.12688626515	4028.4526452096225
252399.12688626515	4028.4526452096225
252399.12688626515	4028.4526452096225
252399.12688626515	4028.4526452096225
275889.5172782943	3681.136734991359
252399.12688626515	4028.4526452096225
252399.12688626515	4028.4526452096225
252399.12688626515	4028.4526452096225
252399.12688626515	4028.4526452096225
253767.74598247587	3971.877604056748
275889.5172782943	3681.136734991359
275889.5172782943	3681.136734991359
252399.12688626515	4028.4526452096225
252399.12688626515	4028.4526452096225
252399.12688626515	4028.4526452096225
252399.12688626515	4028.4526452096225
252399.12688626515	4028.4526452096225
269576.0714604872	3850.3177272986554
269576.0714604872	3850.3177272986554
269576.0714604872	3850.3177272986554
269576.0714604872	3850.3177272986554
269576.0714604872	3850.3177272986554
toanvd
247484.4380076403	3720.7701052871253
247249.29308888788	3788.537848617102
247249.29308888788	3788.537848617102
247249.29308888788	3788.537848617102
247484.4380076403	3720.7701052871253
247249.29308888788	3788.537848617102
247249.29308888788	3788.537848617102
toanvd
258846.22714264988	4092.0292676991075
252770.34059966504	4132.783666794764
252770.34059966504	4132.783666794764
253698.75921283188	4120.115018671816
263573.8575947247	4026.8339519598585
253009.89731023402	4129.205594725661
252770.34059966504	4132.783666794764
269161.4661179206	3984.925919310552
toanvd
248328.04605209714	4152.79841385196
248328.04605209714	4152.79841385196
248328.04605209714	4152.79841385196
toanvd
244406.1518688832	3873.0569626576157
244406.1518688832	3873.0569626576157
243226.62071104065	3960.3129660261593
244406.1518688832	3873.0569626576157
toanvd
252972.7097978577	3794.1555127760053
252972.7097978577	3794.1555127760053
252972.7097978577	3794.1555127760053
252972.7097978577	3794.1555127760053
252972.7097978577	3794.1555127760053
249929.86223934754	3936.9926738522545
253250.40570138732	3755.048326555888
253250.40570138732	3755.048326555888
253250.40570138732	3755.048326555888
toanvd
242617.08651618243	3554.371173493222
toanvd
249262.09231743854	3665.8824631561342
249262.09231743854	3665.8824631561342
248510.22111134155	3669.4023635537287
248510.22111134155	3669.4023635537287
248510.22111134155	3669.4023635537287
248510.22111134155	3669.4023635537287
248510.22111134155	3669.4023635537287
248510.22111134155	3669.4023635537287
248510.22111134155	3669.4023635537287
248510.22111134155	3669.4023635537287
248510.22111134155	3669.4023635537287
248510.22111134155	3669.4023635537287
248510.22111134155	3669.4023635537287
248510.22111134155	3669.4023635537287
248510.22111134155	3669.4023635537287
248510.22111134155	3669.4023635537287
248510.22111134155	3669.4023635537287
248510.22111134155	3669.4023635537287
248510.22111134155	3669.4023635537287
248510.22111134155	3669.4023635537287
248510.22111134155	3669.4023635537287
248510.22111134155	3669.4023635537287
248510.22111134155	3669.4023635537287
248510.22111134155	3669.4023635537287
248510.22111134155	3669.4023635537287
248510.22111134155	3669.4023635537287
248510.22111134155	3669.4023635537287
toanvd
238340.3395026238	3470.9769655090117
238049.77083474095	3575.395999134602
238049.77083474095	3575.395999134602
236451.84775520387	3978.9068559281704
236451.84775520387	3978.9068559281704
236451.84775520387	3978.9068559281704
236451.84775520387	3978.9068559281704
236451.84775520387	3978.9068559281704
toanvd
258604.9324334614	3754.61355744988
258604.9324334614	3754.61355744988
258604.9324334614	3754.61355744988
258604.9324334614	3754.61355744988
258604.9324334614	3754.61355744988
258604.9324334614	3754.61355744988
258604.9324334614	3754.61355744988
258604.9324334614	3754.61355744988
258604.9324334614	3754.61355744988
258604.9324334614	3754.61355744988
258604.9324334614	3754.61355744988
246278.36225054806	4288.0852677979565
253604.4220809022	3983.520505105596
253604.4220809022	3983.520505105596
253604.4220809022	3983.520505105596
253604.4220809022	3983.520505105596
253604.4220809022	3983.520505105596
253604.4220809022	3983.520505105596
253604.4220809022	3983.520505105596
253604.4220809022	3983.520505105596
253604.4220809022	3983.520505105596
toanvd
242232.00887042156	3719.621966546915
242232.00887042156	3719.621966546915
242524.89238572386	3536.034761760099
toanvd
246036.49557596538	3654.3084144393606
toanvd
246906.32992613816	3695.5537474372345
246906.32992613816	3695.5537474372345
246906.32992613816	3695.5537474372345
246906.32992613816	3695.5537474372345
246888.48279600497	3734.5229462726065
246475.07620627288	3774.1296860351626
246475.07620627288	3774.1296860351626
246081.03435869538	3890.3304282229647
246081.03435869538	3890.3304282229647
246081.03435869538	3890.3304282229647
toanvd
246190.2156755928	3932.7218159443128
244732.23266774908	3958.9861497952297
244732.23266774908	3958.9861497952297
toanvd
242317.45741218	4433.88026469661
243879.3344509577	3887.9774824111114
toanvd
244485.69165660482	3400.88715773647
244485.69165660482	3400.88715773647
244485.69165660482	3400.88715773647
244485.69165660482	3400.88715773647
244485.69165660482	3400.88715773647
244485.69165660482	3400.88715773647
244485.69165660482	3400.88715773647
244485.69165660482	3400.88715773647
244485.69165660482	3400.88715773647
244485.69165660482	3400.88715773647
244485.69165660482	3400.88715773647
244485.69165660482	3400.88715773647
244485.69165660482	3400.88715773647
244485.69165660482	3400.88715773647
244485.69165660482	3400.88715773647
244485.69165660482	3400.88715773647
244485.69165660482	3400.88715773647
244485.69165660482	3400.88715773647
toanvd
248969.86527768764	3972.218082853305
248969.86527768764	3972.218082853305
toanvd
249799.73873949755	3911.106060528043
249803.26907421663	3794.1555127760053
250287.1360208483	3774.1296860351626
249803.26907421663	3794.1555127760053
250315.18188433466	3734.5229462726065
249799.73873949755	3911.106060528043
249803.26907421663	3794.1555127760053
250315.18188433466	3734.5229462726065
250287.1360208483	3774.1296860351626
249803.26907421663	3794.1555127760053
250315.18188433466	3734.5229462726065
249799.73873949755	3911.106060528043
250315.18188433466	3734.5229462726065
249803.26907421663	3794.1555127760053
250287.1360208483	3774.1296860351626
249799.73873949755	3911.106060528043
250287.1360208483	3774.1296860351626
250969.57509022782	3485.8933661435935
250969.57509022782	3485.8933661435935
250969.57509022782	3485.8933661435935
250969.57509022782	3485.8933661435935
250469.43688118263	3608.791254744047
toanvd
242840.02818669457	3923.364459312045
242840.02818669457	3923.364459312045
242840.02818669457	3923.364459312045
242840.02818669457	3923.364459312045
242840.02818669457	3923.364459312045
242840.02818669457	3923.364459312045
242840.02818669457	3923.364459312045
242840.02818669457	3923.364459312045
242840.02818669457	3923.364459312045
242840.02818669457	3923.364459312045
242840.02818669457	3923.364459312045
242840.02818669457	3923.364459312045
242840.02818669457	3923.364459312045
242840.02818669457	3923.364459312045
242840.02818669457	3923.364459312045
242840.02818669457	3923.364459312045
242840.02818669457	3923.364459312045
242840.02818669457	3923.364459312045
242840.02818669457	3923.364459312045
242840.02818669457	3923.364459312045
242840.02818669457	3923.364459312045
242840.02818669457	3923.364459312045
242840.02818669457	3923.364459312045
242840.02818669457	3923.364459312045
242840.02818669457	3923.364459312045
242840.02818669457	3923.364459312045
242840.02818669457	3923.364459312045
242840.02818669457	3923.364459312045
242840.02818669457	3923.364459312045
242840.02818669457	3923.364459312045
242840.02818669457	3923.364459312045
242840.02818669457	3923.364459312045
242840.02818669457	3923.364459312045
242840.02818669457	3923.364459312045
249655.76160450614	3693.560949532119
242840.02818669457	3923.364459312045
242840.02818669457	3923.364459312045
242840.02818669457	3923.364459312045
242840.02818669457	3923.364459312045
242840.02818669457	3923.364459312045
242840.02818669457	3923.364459312045
242840.02818669457	3923.364459312045
242840.02818669457	3923.364459312045
242840.02818669457	3923.364459312045
242840.02818669457	3923.364459312045
242840.02818669457	3923.364459312045
242840.02818669457	3923.364459312045
242840.02818669457	3923.364459312045
242840.02818669457	3923.364459312045
242840.02818669457	3923.364459312045
242840.02818669457	3923.364459312045
242840.02818669457	3923.364459312045
242840.02818669457	3923.364459312045
242840.02818669457	3923.364459312045
242840.02818669457	3923.364459312045
242840.02818669457	3923.364459312045
242840.02818669457	3923.364459312045
242840.02818669457	3923.364459312045
242840.02818669457	3923.364459312045
242840.02818669457	3923.364459312045
242840.02818669457	3923.364459312045
242840.02818669457	3923.364459312045
242840.02818669457	3923.364459312045
242840.02818669457	3923.364459312045
242840.02818669457	3923.364459312045
242840.02818669457	3923.364459312045
242840.02818669457	3923.364459312045
242840.02818669457	3923.364459312045
242840.02818669457	3923.364459312045
242840.02818669457	3923.364459312045
242840.02818669457	3923.364459312045
242840.02818669457	3923.364459312045
242840.02818669457	3923.364459312045
242840.02818669457	3923.364459312045
242840.02818669457	3923.364459312045
242840.02818669457	3923.364459312045
242840.02818669457	3923.364459312045
242840.02818669457	3923.364459312045
242840.02818669457	3923.364459312045
242840.02818669457	3923.364459312045
242840.02818669457	3923.364459312045
242840.02818669457	3923.364459312045
242840.02818669457	3923.364459312045
242840.02818669457	3923.364459312045
242840.02818669457	3923.364459312045
242840.02818669457	3923.364459312045
242840.02818669457	3923.364459312045
242840.02818669457	3923.364459312045
242840.02818669457	3923.364459312045
242840.02818669457	3923.364459312045
242840.02818669457	3923.364459312045
242840.02818669457	3923.364459312045
242840.02818669457	3923.364459312045
242840.02818669457	3923.364459312045
242840.02818669457	3923.364459312045
242840.02818669457	3923.364459312045
242840.02818669457	3923.364459312045
242840.02818669457	3923.364459312045
242840.02818669457	3923.364459312045
242840.02818669457	3923.364459312045
242840.02818669457	3923.364459312045
242840.02818669457	3923.364459312045
242840.02818669457	3923.364459312045
242840.02818669457	3923.364459312045
242840.02818669457	3923.364459312045
242840.02818669457	3923.364459312045
259294.2809537691	3595.668533781267
242840.02818669457	3923.364459312045
242840.02818669457	3923.364459312045
242840.02818669457	3923.364459312045
242840.02818669457	3923.364459312045
242840.02818669457	3923.364459312045
242840.02818669457	3923.364459312045
242840.02818669457	3923.364459312045
242840.02818669457	3923.364459312045
242840.02818669457	3923.364459312045
242840.02818669457	3923.364459312045
242840.02818669457	3923.364459312045
242840.02818669457	3923.364459312045
242840.02818669457	3923.364459312045
242840.02818669457	3923.364459312045
242840.02818669457	3923.364459312045
242840.02818669457	3923.364459312045
242840.02818669457	3923.364459312045
242840.02818669457	3923.364459312045
242840.02818669457	3923.364459312045
242840.02818669457	3923.364459312045
242840.02818669457	3923.364459312045
242840.02818669457	3923.364459312045
242840.02818669457	3923.364459312045
242840.02818669457	3923.364459312045
242840.02818669457	3923.364459312045
242840.02818669457	3923.364459312045
242840.02818669457	3923.364459312045
242840.02818669457	3923.364459312045
242840.02818669457	3923.364459312045
242840.02818669457	3923.364459312045
242840.02818669457	3923.364459312045
242840.02818669457	3923.364459312045
242840.02818669457	3923.364459312045
242840.02818669457	3923.364459312045
242840.02818669457	3923.364459312045
242840.02818669457	3923.364459312045
242840.02818669457	3923.364459312045
242840.02818669457	3923.364459312045
242840.02818669457	3923.364459312045
242840.02818669457	3923.364459312045
242840.02818669457	3923.364459312045
242840.02818669457	3923.364459312045
242840.02818669457	3923.364459312045
242840.02818669457	3923.364459312045
242840.02818669457	3923.364459312045
242840.02818669457	3923.364459312045
242840.02818669457	3923.364459312045
242840.02818669457	3923.364459312045
242840.02818669457	3923.364459312045
242840.02818669457	3923.364459312045
242840.02818669457	3923.364459312045
242840.02818669457	3923.364459312045
242840.02818669457	3923.364459312045
242840.02818669457	3923.364459312045
242840.02818669457	3923.364459312045
242840.02818669457	3923.364459312045
242840.02818669457	3923.364459312045
242840.02818669457	3923.364459312045
242840.02818669457	3923.364459312045
242840.02818669457	3923.364459312045
242840.02818669457	3923.364459312045
242840.02818669457	3923.364459312045
242840.02818669457	3923.364459312045
242840.02818669457	3923.364459312045
242840.02818669457	3923.364459312045
242840.02818669457	3923.364459312045
257743.84373561142	3686.6111934637224
242840.02818669457	3923.364459312045
242840.02818669457	3923.364459312045
242840.02818669457	3923.364459312045
242840.02818669457	3923.364459312045
242840.02818669457	3923.364459312045
242840.02818669457	3923.364459312045
242840.02818669457	3923.364459312045
249655.76160450614	3693.560949532119
249655.76160450614	3693.560949532119
242840.02818669457	3923.364459312045
242840.02818669457	3923.364459312045
242840.02818669457	3923.364459312045
242840.02818669457	3923.364459312045
242840.02818669457	3923.364459312045
242840.02818669457	3923.364459312045
242840.02818669457	3923.364459312045
242840.02818669457	3923.364459312045
242840.02818669457	3923.364459312045
242840.02818669457	3923.364459312045
242840.02818669457	3923.364459312045
242840.02818669457	3923.364459312045
242840.02818669457	3923.364459312045
242840.02818669457	3923.364459312045
242840.02818669457	3923.364459312045
242840.02818669457	3923.364459312045
259294.2809537691	3595.668533781267
toanvd
245933.57414446012	3729.7462305318545
245933.57414446012	3729.7462305318545
245933.57414446012	3729.7462305318545
245933.57414446012	3729.7462305318545
245933.57414446012	3729.7462305318545
243810.170778034	3813.1152534878765
toanvd
258121.87406487385	3595.5010504000065
254716.88314519255	3675.3912917465354
toanvd
241592.11191397224	3781.8479875124226
toanvd
249554.50265784402	3742.327925278862
249554.50265784402	3742.327925278862
249554.50265784402	3742.327925278862
248648.7327018429	3999.8723283207773
248648.7327018429	3999.8723283207773
toanvd
248804.50793992923	3937.576318682496
248804.50793992923	3937.576318682496
248804.50793992923	3937.576318682496
250006.8318354885	3839.252346620709
248804.50793992923	3937.576318682496
248804.50793992923	3937.576318682496
248804.50793992923	3937.576318682496
248804.50793992923	3937.576318682496
248804.50793992923	3937.576318682496
248804.50793992923	3937.576318682496
243122.92715867024	4077.051970866664
239556.95575830442	4191.396011337642
239556.95575830442	4191.396011337642
239556.95575830442	4191.396011337642
239556.95575830442	4191.396011337642
239556.95575830442	4191.396011337642
toanvd
240998.55170037292	3567.249734291045
240973.2181227174	3774.1296860351626
240973.2181227174	3774.1296860351626
240973.2181227174	3774.1296860351626
240973.2181227174	3774.1296860351626
240973.2181227174	3774.1296860351626
240973.2181227174	3774.1296860351626
240973.2181227174	3774.1296860351626
240973.2181227174	3774.1296860351626
240973.2181227174	3774.1296860351626
240973.2181227174	3774.1296860351626
240973.2181227174	3774.1296860351626
240973.2181227174	3774.1296860351626
240973.2181227174	3774.1296860351626
240973.2181227174	3774.1296860351626
240973.2181227174	3774.1296860351626
240973.2181227174	3774.1296860351626
240973.2181227174	3774.1296860351626
240973.2181227174	3774.1296860351626
240973.2181227174	3774.1296860351626
toanvd
244087.67413212222	3509.2267514036
244793.8064389875	3366.125332634442
245586.11767064975	3284.6881009056515
244087.67413212222	3509.2267514036
244793.8064389875	3366.125332634442
244793.8064389875	3366.125332634442
244087.67413212222	3509.2267514036
toanvd
248654.77452524067	3743.1178331181327
248654.77452524067	3743.1178331181327
246233.5998757182	3794.1555127760053
246160.83238460118	3966.28719624017
246160.83238460118	3966.28719624017
246160.83238460118	3966.28719624017
246160.83238460118	3966.28719624017
toanvd
248117.25332521313	3687.3333486692027
248481.5484708331	3639.2607732972488
248481.5484708331	3639.2607732972488
248481.5484708331	3639.2607732972488
248481.5484708331	3639.2607732972488
248481.5484708331	3639.2607732972488
248481.5484708331	3639.2607732972488
toanvd
251519.22723297487	3578.97428524686
248463.64491445717	3615.9189510066376
toanvd
245830.43285551335	3719.621966546915
245675.35654679593	3958.5150098047843
245675.35654679593	3958.5150098047843
245675.35654679593	3958.5150098047843
toanvd
